144
31 cz 51 52
31 cz 55 56
31 cz 61 62
31 cz 65 66
31 cz 69 70
31 cz 75 76
31 cz 79 80
31 cz 85 86
31 cz 89 90
31 cz 93 94
31 cz 99 100
31 cz 103 104
31 cz 109 110
31 cz 113 114
31 cz 117 118
31 cz 123 124
31 cz 127 128
31 cz 133 134
31 cz 137 138
31 cz 141 142
31 t 2
31 t 6
31 t 10
31 t 11
31 t 12
31 x_1_2 15
31 t 16
31 y_1_2 19
31 t 20
31 x_1_2 23
31 y_1_2 25
31 t 26
31 y_1_2 29
31 t 30
31 x_1_2 33
31 t 34
31 x_1_2 35
31 x_1_2 36
31 y_1_2 40
31 y_1_2 44
31 x_1_2 48
31 x_1_2 50
31 x_1_2 54
31 y_1_2 58
31 t 59
31 t 60
31 y_1_2 63
31 t 64
31 y_1_2 67
31 t 68
31 y_1_2 71
31 y_1_2 73
31 t 74
31 y_1_2 77
31 t 78
31 y_1_2 81
31 t 82
31 x_1_2 83
31 y_1_2 84
31 y_1_2 88
31 y_1_2 92
31 x_1_2 96
31 x_1_2 98
31 x_1_2 102
31 x_1_2 106
31 t 107
31 t 108
31 x_1_2 111
31 t 112
31 x_1_2 115
31 t 116
31 y_1_2 119
31 x_1_2 121
31 t 122
31 x_1_2 125
31 t 126
31 x_1_2 129
31 t 130
31 y_1_2 131
31 t 132
31 t 136
31 t 140
32 cz 24 36
32 cz 72 84
32 cz 120 132
32 cz 1 13
32 cz 49 61
32 cz 97 109
32 cz 26 38
32 cz 74 86
32 cz 122 134
32 cz 3 15
32 cz 51 63
32 cz 99 111
32 cz 28 40
32 cz 76 88
32 cz 124 136
32 cz 5 17
32 cz 53 65
32 cz 101 113
