144
11 y_1_2 99
11 t 100
11 y_1_2 103
11 t 104
11 y_1_2 107
11 y_1_2 108
11 x_1_2 110
11 x_1_2 114
11 x_1_2 118
11 t 119
11 y_1_2 120
11 y_1_2 124
11 x_1_2 128
11 t 134
11 t 138
11 t 142
11 t 143
12 cz 0 12
12 cz 48 60
12 cz 96 108
12 cz 25 37
12 cz 73 85
12 cz 121 133
12 cz 2 14
12 cz 50 62
12 cz 98 110
12 cz 27 39
12 cz 75 87
12 cz 123 135
12 cz 4 16
12 cz 52 64
12 cz 100 112
12 cz 29 41
12 cz 77 89
12 cz 125 137
12 cz 6 18
12 cz 54 66
12 cz 102 114
12 cz 31 43
12 cz 79 91
12 cz 127 139
12 cz 8 20
12 cz 56 68
12 cz 104 116
12 cz 33 45
12 cz 81 93
12 cz 129 141
12 cz 10 22
12 cz 58 70
12 cz 106 118
12 cz 35 47
12 cz 83 95
12 cz 131 143
12 x_1_2 1
12 y_1_2 5
12 y_1_2 9
12 y_1_2 15
12 y_1_2 19
12 t 24
12 y_1_2 26
12 t 28
12 x_1_2 30
12 t 32
12 x_1_2 34
12 x_1_2 40
12 x_1_2 44
12 x_1_2 49
12 t 51
12 y_1_2 53
12 t 55
12 x_1_2 57
12 t 59
12 y_1_2 63
12 x_1_2 67
12 t 72
12 x_1_2 74
12 t 76
12 x_1_2 78
12 t 80
12 x_1_2 82
12 x_1_2 88
12 y_1_2 92
12 x_1_2 97
12 t 99
12 x_1_2 101
12 t 103
12 y_1_2 105
12 t 107
12 x_1_2 111
12 x_1_2 115
12 t 120
12 y_1_2 122
12 t 124
12 y_1_2 126
12 t 128
12 y_1_2 130
12 x_1_2 136
12 y_1_2 140
13 cz 2 3
13 cz 6 7
