144
46 y_1_2 141
46 t 143
47 cz 3 4
47 cz 7 8
47 cz 13 14
47 cz 17 18
47 cz 21 22
47 cz 27 28
47 cz 31 32
47 cz 37 38
47 cz 41 42
47 cz 45 46
47 cz 51 52
47 cz 55 56
47 cz 61 62
47 cz 65 66
47 cz 69 70
47 cz 75 76
47 cz 79 80
47 cz 85 86
47 cz 89 90
47 cz 93 94
47 cz 99 100
47 cz 103 104
47 cz 109 110
47 cz 113 114
47 cz 117 118
47 cz 123 124
47 cz 127 128
47 cz 133 134
47 cz 137 138
47 cz 141 142
47 t 2
47 t 6
47 t 10
47 t 11
47 t 12
47 y_1_2 15
47 t 16
47 y_1_2 19
47 t 20
47 y_1_2 23
47 y_1_2 25
47 t 26
47 x_1_2 29
47 t 30
47 x_1_2 33
47 t 34
47 x_1_2 35
47 y_1_2 36
47 x_1_2 40
47 y_1_2 44
47 y_1_2 48
47 y_1_2 50
47 y_1_2 54
47 y_1_2 58
47 t 59
47 t 60
47 y_1_2 63
47 t 64
47 x_1_2 67
47 t 68
47 y_1_2 71
47 x_1_2 73
47 t 74
47 x_1_2 77
47 t 78
47 y_1_2 81
47 t 82
47 x_1_2 83
47 y_1_2 84
47 x_1_2 88
47 x_1_2 92
47 y_1_2 96
47 x_1_2 98
47 y_1_2 102
47 y_1_2 106
47 t 107
47 t 108
47 x_1_2 111
47 t 112
47 y_1_2 115
47 t 116
47 y_1_2 119
47 y_1_2 121
47 t 122
47 y_1_2 125
47 t 126
47 y_1_2 129
47 t 130
47 x_1_2 131
47 t 132
47 t 136
47 t 140
48 cz 24 36
48 cz 72 84
48 cz 120 132
48 cz 1 13
48 cz 49 61
48 cz 97 109
