144
39 cz 21 22
39 cz 27 28
39 cz 31 32
39 cz 37 38
39 cz 41 42
39 cz 45 46
39 cz 51 52
39 cz 55 56
39 cz 61 62
39 cz 65 66
39 cz 69 70
39 cz 75 76
39 cz 79 80
39 cz 85 86
39 cz 89 90
39 cz 93 94
39 cz 99 100
39 cz 103 104
39 cz 109 110
39 cz 113 114
39 cz 117 118
39 cz 123 124
39 cz 127 128
39 cz 133 134
39 cz 137 138
39 cz 141 142
39 t 2
39 t 6
39 t 10
39 t 11
39 t 12
39 x_1_2 15
39 t 16
39 x_1_2 19
39 t 20
39 x_1_2 23
39 x_1_2 25
39 t 26
39 y_1_2 29
39 t 30
39 x_1_2 33
39 t 34
39 y_1_2 35
39 x_1_2 36
39 y_1_2 40
39 y_1_2 44
39 x_1_2 48
39 y_1_2 50
39 x_1_2 54
39 x_1_2 58
39 t 59
39 t 60
39 x_1_2 63
39 t 64
39 y_1_2 67
39 t 68
39 y_1_2 71
39 x_1_2 73
39 t 74
39 y_1_2 77
39 t 78
39 y_1_2 81
39 t 82
39 y_1_2 83
39 y_1_2 84
39 y_1_2 88
39 y_1_2 92
39 x_1_2 96
39 x_1_2 98
39 y_1_2 102
39 y_1_2 106
39 t 107
39 t 108
39 y_1_2 111
39 t 112
39 x_1_2 115
39 t 116
39 y_1_2 119
39 y_1_2 121
39 t 122
39 y_1_2 125
39 t 126
39 x_1_2 129
39 t 130
39 y_1_2 131
39 t 132
39 t 136
39 t 140
40 cz 24 36
40 cz 72 84
40 cz 120 132
40 cz 1 13
40 cz 49 61
40 cz 97 109
40 cz 26 38
40 cz 74 86
40 cz 122 134
40 cz 3 15
40 cz 51 63
40 cz 99 111
