144
66 cz 68 80
66 cz 116 128
66 cz 45 57
66 cz 93 105
66 cz 22 34
66 cz 70 82
66 cz 118 130
66 cz 47 59
66 cz 95 107
66 y_1_2 0
66 x_1_2 1
66 t 3
66 y_1_2 4
66 y_1_2 5
66 t 7
66 x_1_2 8
66 x_1_2 9
66 t 11
66 t 13
66 y_1_2 15
66 t 17
66 x_1_2 19
66 t 21
66 y_1_2 23
66 x_1_2 25
66 y_1_2 29
66 y_1_2 33
66 t 36
66 x_1_2 38
66 t 40
66 y_1_2 42
66 t 44
66 x_1_2 46
66 y_1_2 48
66 y_1_2 52
66 x_1_2 56
66 t 61
66 x_1_2 63
66 t 65
66 x_1_2 67
66 t 69
66 x_1_2 71
66 y_1_2 73
66 x_1_2 77
66 y_1_2 81
66 t 84
66 x_1_2 86
66 t 88
66 y_1_2 90
66 t 92
66 x_1_2 94
66 y_1_2 96
66 x_1_2 100
66 x_1_2 104
66 t 109
66 x_1_2 111
66 t 113
66 x_1_2 115
66 t 117
66 x_1_2 119
66 y_1_2 121
66 x_1_2 125
66 x_1_2 129
66 t 132
66 y_1_2 134
66 y_1_2 135
66 t 136
66 y_1_2 138
66 y_1_2 139
66 t 140
66 x_1_2 142
66 x_1_2 143
67 cz 1 2
67 cz 5 6
67 cz 9 10
67 cz 15 16
67 cz 19 20
67 cz 25 26
67 cz 29 30
67 cz 33 34
67 cz 39 40
67 cz 43 44
67 cz 49 50
67 cz 53 54
67 cz 57 58
67 cz 63 64
67 cz 67 68
67 cz 73 74
67 cz 77 78
67 cz 81 82
67 cz 87 88
67 cz 91 92
67 cz 97 98
67 cz 101 102
67 cz 105 106
67 cz 111 112
67 cz 115 116
67 cz 121 122
67 cz 125 126
67 cz 129 130
