144
44 t 76
44 x_1_2 78
44 t 80
44 y_1_2 82
44 x_1_2 88
44 x_1_2 92
44 y_1_2 97
44 t 99
44 x_1_2 101
44 t 103
44 x_1_2 105
44 t 107
44 y_1_2 111
44 x_1_2 115
44 t 120
44 y_1_2 122
44 t 124
44 x_1_2 126
44 t 128
44 x_1_2 130
44 x_1_2 136
44 y_1_2 140
45 cz 2 3
45 cz 6 7
45 cz 10 11
45 cz 12 13
45 cz 16 17
45 cz 20 21
45 cz 26 27
45 cz 30 31
45 cz 34 35
45 cz 36 37
45 cz 40 41
45 cz 44 45
45 cz 50 51
45 cz 54 55
45 cz 58 59
45 cz 60 61
45 cz 64 65
45 cz 68 69
45 cz 74 75
45 cz 78 79
45 cz 82 83
45 cz 84 85
45 cz 88 89
45 cz 92 93
45 cz 98 99
45 cz 102 103
45 cz 106 107
45 cz 108 109
45 cz 112 113
45 cz 116 117
45 cz 122 123
45 cz 126 127
45 cz 130 131
45 cz 132 133
45 cz 136 137
45 cz 140 141
45 y_1_2 0
45 t 1
45 x_1_2 4
45 t 5
45 y_1_2 8
45 t 9
45 x_1_2 14
45 t 15
45 y_1_2 18
45 t 19
45 y_1_2 22
45 y_1_2 25
45 y_1_2 29
45 x_1_2 33
45 x_1_2 39
45 x_1_2 43
45 x_1_2 47
45 y_1_2 48
45 t 49
45 y_1_2 52
45 t 53
45 y_1_2 56
45 t 57
45 y_1_2 62
45 t 63
45 x_1_2 66
45 t 67
45 x_1_2 70
45 x_1_2 73
45 y_1_2 77
45 x_1_2 81
45 x_1_2 87
45 y_1_2 91
45 x_1_2 95
45 y_1_2 96
45 t 97
45 x_1_2 100
45 t 101
45 y_1_2 104
45 t 105
45 x_1_2 110
45 t 111
