144
75 cz 105 106
75 cz 111 112
75 cz 115 116
75 cz 121 122
75 cz 125 126
75 cz 129 130
75 cz 135 136
75 cz 139 140
75 t 0
75 t 4
75 t 8
75 y_1_2 12
75 x_1_2 14
75 y_1_2 18
75 y_1_2 22
75 t 23
75 x_1_2 24
75 y_1_2 28
75 x_1_2 32
75 y_1_2 37
75 t 38
75 y_1_2 41
75 t 42
75 y_1_2 45
75 t 46
75 x_1_2 47
75 t 48
75 x_1_2 51
75 t 52
75 y_1_2 55
75 t 56
75 x_1_2 59
75 y_1_2 60
75 y_1_2 62
75 y_1_2 66
75 y_1_2 70
75 t 71
75 y_1_2 72
75 x_1_2 76
75 y_1_2 80
75 y_1_2 85
75 t 86
75 y_1_2 89
75 t 90
75 x_1_2 93
75 t 94
75 y_1_2 95
75 t 96
75 y_1_2 99
75 t 100
75 y_1_2 103
75 t 104
75 x_1_2 107
75 x_1_2 108
75 y_1_2 110
75 y_1_2 114
75 y_1_2 118
75 t 119
75 x_1_2 120
75 x_1_2 124
75 y_1_2 128
75 t 134
75 t 138
75 t 142
75 t 143
76 cz 0 12
76 cz 48 60
76 cz 96 108
76 cz 25 37
76 cz 73 85
76 cz 121 133
76 cz 2 14
76 cz 50 62
76 cz 98 110
76 cz 27 39
76 cz 75 87
76 cz 123 135
76 cz 4 16
76 cz 52 64
76 cz 100 112
76 cz 29 41
76 cz 77 89
76 cz 125 137
76 cz 6 18
76 cz 54 66
76 cz 102 114
76 cz 31 43
76 cz 79 91
76 cz 127 139
76 cz 8 20
76 cz 56 68
76 cz 104 116
76 cz 33 45
76 cz 81 93
76 cz 129 141
76 cz 10 22
76 cz 58 70
76 cz 106 118
76 cz 35 47
76 cz 83 95
