144
71 t 116
71 x_1_2 119
71 x_1_2 121
71 t 122
71 x_1_2 125
71 t 126
71 x_1_2 129
71 t 130
71 y_1_2 131
71 t 132
71 t 136
71 t 140
72 cz 24 36
72 cz 72 84
72 cz 120 132
72 cz 1 13
72 cz 49 61
72 cz 97 109
72 cz 26 38
72 cz 74 86
72 cz 122 134
72 cz 3 15
72 cz 51 63
72 cz 99 111
72 cz 28 40
72 cz 76 88
72 cz 124 136
72 cz 5 17
72 cz 53 65
72 cz 101 113
72 cz 30 42
72 cz 78 90
72 cz 126 138
72 cz 7 19
72 cz 55 67
72 cz 103 115
72 cz 32 44
72 cz 80 92
72 cz 128 140
72 cz 9 21
72 cz 57 69
72 cz 105 117
72 cz 34 46
72 cz 82 94
72 cz 130 142
72 cz 11 23
72 cz 59 71
72 cz 107 119
72 y_1_2 4
72 y_1_2 8
72 y_1_2 14
72 x_1_2 18
72 y_1_2 22
72 t 25
72 x_1_2 27
72 t 29
72 x_1_2 31
72 t 33
72 t 35
72 y_1_2 37
72 x_1_2 41
72 x_1_2 45
72 t 48
72 t 50
72 x_1_2 52
72 t 54
72 x_1_2 56
72 t 58
72 y_1_2 62
72 y_1_2 66
72 x_1_2 70
72 t 73
72 y_1_2 75
72 t 77
72 x_1_2 79
72 t 81
72 t 83
72 x_1_2 85
72 y_1_2 89
72 y_1_2 93
72 t 96
72 t 98
72 x_1_2 100
72 t 102
72 y_1_2 104
72 t 106
72 y_1_2 110
72 y_1_2 114
72 y_1_2 118
72 t 121
72 y_1_2 123
72 t 125
72 y_1_2 127
72 t 129
72 t 131
72 y_1_2 133
72 x_1_2 137
72 x_1_2 141
73 h 0
73 h 1
