144
58 cz 118 130
58 cz 47 59
58 cz 95 107
58 x_1_2 0
58 x_1_2 1
58 t 3
58 x_1_2 4
58 y_1_2 5
58 t 7
58 y_1_2 8
58 y_1_2 9
58 t 11
58 t 13
58 y_1_2 15
58 t 17
58 y_1_2 19
58 t 21
58 y_1_2 23
58 y_1_2 25
58 x_1_2 29
58 y_1_2 33
58 t 36
58 x_1_2 38
58 t 40
58 y_1_2 42
58 t 44
58 y_1_2 46
58 y_1_2 48
58 x_1_2 52
58 x_1_2 56
58 t 61
58 y_1_2 63
58 t 65
58 y_1_2 67
58 t 69
58 y_1_2 71
58 y_1_2 73
58 x_1_2 77
58 x_1_2 81
58 t 84
58 y_1_2 86
58 t 88
58 y_1_2 90
58 t 92
58 x_1_2 94
58 y_1_2 96
58 y_1_2 100
58 x_1_2 104
58 t 109
58 y_1_2 111
58 t 113
58 x_1_2 115
58 t 117
58 y_1_2 119
58 x_1_2 121
58 x_1_2 125
58 x_1_2 129
58 t 132
58 y_1_2 134
58 y_1_2 135
58 t 136
58 x_1_2 138
58 x_1_2 139
58 t 140
58 y_1_2 142
58 y_1_2 143
59 cz 1 2
59 cz 5 6
59 cz 9 10
59 cz 15 16
59 cz 19 20
59 cz 25 26
59 cz 29 30
59 cz 33 34
59 cz 39 40
59 cz 43 44
59 cz 49 50
59 cz 53 54
59 cz 57 58
59 cz 63 64
59 cz 67 68
59 cz 73 74
59 cz 77 78
59 cz 81 82
59 cz 87 88
59 cz 91 92
59 cz 97 98
59 cz 101 102
59 cz 105 106
59 cz 111 112
59 cz 115 116
59 cz 121 122
59 cz 125 126
59 cz 129 130
59 cz 135 136
59 cz 139 140
59 t 0
59 t 4
59 t 8
59 y_1_2 12
