144
74 cz 18 30
74 cz 66 78
74 cz 114 126
74 cz 43 55
74 cz 91 103
74 cz 20 32
74 cz 68 80
74 cz 116 128
74 cz 45 57
74 cz 93 105
74 cz 22 34
74 cz 70 82
74 cz 118 130
74 cz 47 59
74 cz 95 107
74 x_1_2 0
74 x_1_2 1
74 t 3
74 x_1_2 4
74 x_1_2 5
74 t 7
74 x_1_2 8
74 y_1_2 9
74 t 11
74 t 13
74 y_1_2 15
74 t 17
74 y_1_2 19
74 t 21
74 x_1_2 23
74 y_1_2 25
74 x_1_2 29
74 y_1_2 33
74 t 36
74 y_1_2 38
74 t 40
74 x_1_2 42
74 t 44
74 x_1_2 46
74 x_1_2 48
74 x_1_2 52
74 y_1_2 56
74 t 61
74 y_1_2 63
74 t 65
74 x_1_2 67
74 t 69
74 y_1_2 71
74 y_1_2 73
74 x_1_2 77
74 y_1_2 81
74 t 84
74 x_1_2 86
74 t 88
74 x_1_2 90
74 t 92
74 y_1_2 94
74 y_1_2 96
74 y_1_2 100
74 y_1_2 104
74 t 109
74 y_1_2 111
74 t 113
74 y_1_2 115
74 t 117
74 y_1_2 119
74 x_1_2 121
74 x_1_2 125
74 x_1_2 129
74 t 132
74 y_1_2 134
74 x_1_2 135
74 t 136
74 y_1_2 138
74 y_1_2 139
74 t 140
74 y_1_2 142
74 x_1_2 143
75 cz 1 2
75 cz 5 6
75 cz 9 10
75 cz 15 16
75 cz 19 20
75 cz 25 26
75 cz 29 30
75 cz 33 34
75 cz 39 40
75 cz 43 44
75 cz 49 50
75 cz 53 54
75 cz 57 58
75 cz 63 64
75 cz 67 68
75 cz 73 74
75 cz 77 78
75 cz 81 82
75 cz 87 88
75 cz 91 92
75 cz 97 98
75 cz 101 102
