144
37 x_1_2 135
37 x_1_2 139
37 x_1_2 143
38 cz 36 48
38 cz 84 96
38 cz 13 25
38 cz 61 73
38 cz 109 121
38 cz 38 50
38 cz 86 98
38 cz 15 27
38 cz 63 75
38 cz 111 123
38 cz 40 52
38 cz 88 100
38 cz 17 29
38 cz 65 77
38 cz 113 125
38 cz 42 54
38 cz 90 102
38 cz 19 31
38 cz 67 79
38 cz 115 127
38 cz 44 56
38 cz 92 104
38 cz 21 33
38 cz 69 81
38 cz 117 129
38 cz 46 58
38 cz 94 106
38 cz 23 35
38 cz 71 83
38 cz 119 131
38 t 0
38 y_1_2 2
38 y_1_2 3
38 t 4
38 x_1_2 6
38 x_1_2 7
38 t 8
38 y_1_2 10
38 x_1_2 11
38 y_1_2 12
38 t 14
38 y_1_2 16
38 t 18
38 x_1_2 20
38 t 22
38 x_1_2 26
38 y_1_2 30
38 y_1_2 34
38 x_1_2 37
38 t 39
38 x_1_2 41
38 t 43
38 y_1_2 45
38 t 47
38 x_1_2 51
38 x_1_2 55
38 y_1_2 59
38 y_1_2 60
38 t 62
38 x_1_2 64
38 t 66
38 x_1_2 68
38 t 70
38 y_1_2 74
38 x_1_2 78
38 x_1_2 82
38 y_1_2 85
38 t 87
38 x_1_2 89
38 t 91
38 x_1_2 93
38 t 95
38 x_1_2 99
38 x_1_2 103
38 x_1_2 107
38 x_1_2 108
38 t 110
38 y_1_2 112
38 t 114
38 y_1_2 116
38 t 118
38 x_1_2 122
38 x_1_2 126
38 y_1_2 130
38 x_1_2 132
38 x_1_2 133
38 t 135
38 x_1_2 136
38 y_1_2 137
38 t 139
38 y_1_2 140
38 x_1_2 141
38 t 143
39 cz 3 4
39 cz 7 8
39 cz 13 14
39 cz 17 18
