144
3 y_1_2 110
3 y_1_2 114
3 y_1_2 118
3 t 119
3 y_1_2 120
3 y_1_2 124
3 x_1_2 128
3 t 134
3 t 138
3 t 142
3 t 143
4 cz 0 12
4 cz 48 60
4 cz 96 108
4 cz 25 37
4 cz 73 85
4 cz 121 133
4 cz 2 14
4 cz 50 62
4 cz 98 110
4 cz 27 39
4 cz 75 87
4 cz 123 135
4 cz 4 16
4 cz 52 64
4 cz 100 112
4 cz 29 41
4 cz 77 89
4 cz 125 137
4 cz 6 18
4 cz 54 66
4 cz 102 114
4 cz 31 43
4 cz 79 91
4 cz 127 139
4 cz 8 20
4 cz 56 68
4 cz 104 116
4 cz 33 45
4 cz 81 93
4 cz 129 141
4 cz 10 22
4 cz 58 70
4 cz 106 118
4 cz 35 47
4 cz 83 95
4 cz 131 143
4 x_1_2 1
4 y_1_2 5
4 y_1_2 9
4 y_1_2 15
4 x_1_2 19
4 t 24
4 y_1_2 26
4 t 28
4 y_1_2 30
4 t 32
4 y_1_2 34
4 x_1_2 40
4 y_1_2 44
4 x_1_2 49
4 t 51
4 y_1_2 53
4 t 55
4 x_1_2 57
4 t 59
4 x_1_2 63
4 y_1_2 67
4 t 72
4 x_1_2 74
4 t 76
4 y_1_2 78
4 t 80
4 y_1_2 82
4 x_1_2 88
4 x_1_2 92
4 y_1_2 97
4 t 99
4 x_1_2 101
4 t 103
4 y_1_2 105
4 t 107
4 x_1_2 111
4 x_1_2 115
4 t 120
4 x_1_2 122
4 t 124
4 y_1_2 126
4 t 128
4 x_1_2 130
4 y_1_2 136
4 x_1_2 140
5 cz 2 3
5 cz 6 7
5 cz 10 11
5 cz 12 13
5 cz 16 17
5 cz 20 21
5 cz 26 27
5 cz 30 31
