144
41 cz 104 105
41 cz 110 111
41 cz 114 115
41 cz 118 119
41 cz 120 121
41 cz 124 125
41 cz 128 129
41 cz 134 135
41 cz 138 139
41 cz 142 143
41 y_1_2 3
41 y_1_2 7
41 x_1_2 11
41 y_1_2 13
41 x_1_2 17
41 x_1_2 21
41 x_1_2 26
41 t 27
41 x_1_2 30
41 t 31
41 x_1_2 34
41 x_1_2 36
41 t 37
41 y_1_2 40
41 t 41
41 x_1_2 44
41 t 45
41 x_1_2 51
41 x_1_2 55
41 y_1_2 59
41 x_1_2 61
41 y_1_2 65
41 y_1_2 69
41 y_1_2 74
41 t 75
41 y_1_2 78
41 t 79
41 x_1_2 82
41 y_1_2 84
41 t 85
41 x_1_2 88
41 t 89
41 y_1_2 92
41 t 93
41 y_1_2 99
41 x_1_2 103
41 y_1_2 107
41 y_1_2 109
41 x_1_2 113
41 x_1_2 117
41 x_1_2 122
41 t 123
41 x_1_2 126
41 t 127
41 x_1_2 130
41 x_1_2 132
41 t 133
41 x_1_2 136
41 t 137
41 y_1_2 140
41 t 141
42 cz 12 24
42 cz 60 72
42 cz 108 120
42 cz 37 49
42 cz 85 97
42 cz 14 26
42 cz 62 74
42 cz 110 122
42 cz 39 51
42 cz 87 99
42 cz 16 28
42 cz 64 76
42 cz 112 124
42 cz 41 53
42 cz 89 101
42 cz 18 30
42 cz 66 78
42 cz 114 126
42 cz 43 55
42 cz 91 103
42 cz 20 32
42 cz 68 80
42 cz 116 128
42 cz 45 57
42 cz 93 105
42 cz 22 34
42 cz 70 82
42 cz 118 130
42 cz 47 59
42 cz 95 107
42 x_1_2 0
42 y_1_2 1
42 t 3
42 x_1_2 4
42 x_1_2 5
42 t 7
42 x_1_2 8
42 y_1_2 9
42 t 11
