144
73 cz 8 9
73 cz 14 15
73 cz 18 19
73 cz 22 23
73 cz 24 25
73 cz 28 29
73 cz 32 33
73 cz 38 39
73 cz 42 43
73 cz 46 47
73 cz 48 49
73 cz 52 53
73 cz 56 57
73 cz 62 63
73 cz 66 67
73 cz 70 71
73 cz 72 73
73 cz 76 77
73 cz 80 81
73 cz 86 87
73 cz 90 91
73 cz 94 95
73 cz 96 97
73 cz 100 101
73 cz 104 105
73 cz 110 111
73 cz 114 115
73 cz 118 119
73 cz 120 121
73 cz 124 125
73 cz 128 129
73 cz 134 135
73 cz 138 139
73 cz 142 143
73 y_1_2 3
73 x_1_2 7
73 x_1_2 11
73 x_1_2 13
73 x_1_2 17
73 x_1_2 21
73 y_1_2 26
73 t 27
73 x_1_2 30
73 t 31
73 x_1_2 34
73 x_1_2 36
73 t 37
73 y_1_2 40
73 t 41
73 x_1_2 44
73 t 45
73 y_1_2 51
73 y_1_2 55
73 y_1_2 59
73 y_1_2 61
73 y_1_2 65
73 y_1_2 69
73 y_1_2 74
73 t 75
73 x_1_2 78
73 t 79
73 x_1_2 82
73 x_1_2 84
73 t 85
73 x_1_2 88
73 t 89
73 x_1_2 92
73 t 93
73 y_1_2 99
73 y_1_2 103
73 y_1_2 107
73 x_1_2 109
73 x_1_2 113
73 x_1_2 117
73 x_1_2 122
73 t 123
73 x_1_2 126
73 t 127
73 y_1_2 130
73 x_1_2 132
73 t 133
73 x_1_2 136
73 t 137
73 x_1_2 140
73 t 141
74 h 0
74 h 1
74 h 2
74 h 3
74 h 4
74 h 5
74 h 6
74 h 7
74 h 8
74 h 9
74 h 10
74 h 11
74 h 12
74 h 13
74 h 14
