144
32 cz 30 42
32 cz 78 90
32 cz 126 138
32 cz 7 19
32 cz 55 67
32 cz 103 115
32 cz 32 44
32 cz 80 92
32 cz 128 140
32 cz 9 21
32 cz 57 69
32 cz 105 117
32 cz 34 46
32 cz 82 94
32 cz 130 142
32 cz 11 23
32 cz 59 71
32 cz 107 119
32 y_1_2 4
32 y_1_2 8
32 y_1_2 14
32 y_1_2 18
32 x_1_2 22
32 t 25
32 x_1_2 27
32 t 29
32 y_1_2 31
32 t 33
32 t 35
32 y_1_2 37
32 x_1_2 41
32 x_1_2 45
32 t 48
32 t 50
32 x_1_2 52
32 t 54
32 x_1_2 56
32 t 58
32 x_1_2 62
32 y_1_2 66
32 x_1_2 70
32 t 73
32 y_1_2 75
32 t 77
32 x_1_2 79
32 t 81
32 t 83
32 y_1_2 85
32 y_1_2 89
32 y_1_2 93
32 t 96
32 t 98
32 x_1_2 100
32 t 102
32 x_1_2 104
32 t 106
32 y_1_2 110
32 y_1_2 114
32 y_1_2 118
32 t 121
32 y_1_2 123
32 t 125
32 y_1_2 127
32 t 129
32 t 131
32 y_1_2 133
32 x_1_2 137
32 y_1_2 141
33 cz 0 1
33 cz 4 5
33 cz 8 9
33 cz 14 15
33 cz 18 19
33 cz 22 23
33 cz 24 25
33 cz 28 29
33 cz 32 33
33 cz 38 39
33 cz 42 43
33 cz 46 47
33 cz 48 49
33 cz 52 53
33 cz 56 57
33 cz 62 63
33 cz 66 67
33 cz 70 71
33 cz 72 73
33 cz 76 77
33 cz 80 81
33 cz 86 87
33 cz 90 91
33 cz 94 95
33 cz 96 97
33 cz 100 101
33 cz 104 105
33 cz 110 111
33 cz 114 115
33 cz 118 119
33 cz 120 121
33 cz 124 125
