144
36 x_1_2 97
36 t 99
36 x_1_2 101
36 t 103
36 y_1_2 105
36 t 107
36 x_1_2 111
36 y_1_2 115
36 t 120
36 y_1_2 122
36 t 124
36 x_1_2 126
36 t 128
36 x_1_2 130
36 y_1_2 136
36 x_1_2 140
37 cz 2 3
37 cz 6 7
37 cz 10 11
37 cz 12 13
37 cz 16 17
37 cz 20 21
37 cz 26 27
37 cz 30 31
37 cz 34 35
37 cz 36 37
37 cz 40 41
37 cz 44 45
37 cz 50 51
37 cz 54 55
37 cz 58 59
37 cz 60 61
37 cz 64 65
37 cz 68 69
37 cz 74 75
37 cz 78 79
37 cz 82 83
37 cz 84 85
37 cz 88 89
37 cz 92 93
37 cz 98 99
37 cz 102 103
37 cz 106 107
37 cz 108 109
37 cz 112 113
37 cz 116 117
37 cz 122 123
37 cz 126 127
37 cz 130 131
37 cz 132 133
37 cz 136 137
37 cz 140 141
37 y_1_2 0
37 t 1
37 x_1_2 4
37 t 5
37 x_1_2 8
37 t 9
37 x_1_2 14
37 t 15
37 x_1_2 18
37 t 19
37 y_1_2 22
37 x_1_2 25
37 x_1_2 29
37 x_1_2 33
37 x_1_2 39
37 y_1_2 43
37 x_1_2 47
37 x_1_2 48
37 t 49
37 y_1_2 52
37 t 53
37 y_1_2 56
37 t 57
37 y_1_2 62
37 t 63
37 y_1_2 66
37 t 67
37 x_1_2 70
37 x_1_2 73
37 x_1_2 77
37 x_1_2 81
37 y_1_2 87
37 x_1_2 91
37 y_1_2 95
37 x_1_2 96
37 t 97
37 x_1_2 100
37 t 101
37 x_1_2 104
37 t 105
37 y_1_2 110
37 t 111
37 x_1_2 114
37 t 115
37 y_1_2 118
37 y_1_2 121
37 x_1_2 125
37 x_1_2 129
