144
76 cz 131 143
76 x_1_2 1
76 x_1_2 5
76 y_1_2 9
76 x_1_2 15
76 y_1_2 19
76 t 24
76 x_1_2 26
76 t 28
76 y_1_2 30
76 t 32
76 x_1_2 34
76 y_1_2 40
76 y_1_2 44
76 x_1_2 49
76 t 51
76 x_1_2 53
76 t 55
76 x_1_2 57
76 t 59
76 x_1_2 63
76 y_1_2 67
76 t 72
76 y_1_2 74
76 t 76
76 x_1_2 78
76 t 80
76 y_1_2 82
76 x_1_2 88
76 y_1_2 92
76 y_1_2 97
76 t 99
76 y_1_2 101
76 t 103
76 y_1_2 105
76 t 107
76 y_1_2 111
76 x_1_2 115
76 t 120
76 y_1_2 122
76 t 124
76 x_1_2 126
76 t 128
76 x_1_2 130
76 x_1_2 136
76 y_1_2 140
77 cz 2 3
77 cz 6 7
77 cz 10 11
77 cz 12 13
77 cz 16 17
77 cz 20 21
77 cz 26 27
77 cz 30 31
77 cz 34 35
77 cz 36 37
77 cz 40 41
77 cz 44 45
77 cz 50 51
77 cz 54 55
77 cz 58 59
77 cz 60 61
77 cz 64 65
77 cz 68 69
77 cz 74 75
77 cz 78 79
77 cz 82 83
77 cz 84 85
77 cz 88 89
77 cz 92 93
77 cz 98 99
77 cz 102 103
77 cz 106 107
77 cz 108 109
77 cz 112 113
77 cz 116 117
77 cz 122 123
77 cz 126 127
77 cz 130 131
77 cz 132 133
77 cz 136 137
77 cz 140 141
77 x_1_2 0
77 t 1
77 x_1_2 4
77 t 5
77 y_1_2 8
77 t 9
77 x_1_2 14
77 t 15
77 x_1_2 18
77 t 19
77 x_1_2 22
77 x_1_2 25
77 x_1_2 29
77 y_1_2 33
77 x_1_2 39
77 x_1_2 43
77 y_1_2 47
77 x_1_2 48
