144
63 x_1_2 129
63 t 130
63 y_1_2 131
63 t 132
63 t 136
63 t 140
64 cz 24 36
64 cz 72 84
64 cz 120 132
64 cz 1 13
64 cz 49 61
64 cz 97 109
64 cz 26 38
64 cz 74 86
64 cz 122 134
64 cz 3 15
64 cz 51 63
64 cz 99 111
64 cz 28 40
64 cz 76 88
64 cz 124 136
64 cz 5 17
64 cz 53 65
64 cz 101 113
64 cz 30 42
64 cz 78 90
64 cz 126 138
64 cz 7 19
64 cz 55 67
64 cz 103 115
64 cz 32 44
64 cz 80 92
64 cz 128 140
64 cz 9 21
64 cz 57 69
64 cz 105 117
64 cz 34 46
64 cz 82 94
64 cz 130 142
64 cz 11 23
64 cz 59 71
64 cz 107 119
64 y_1_2 4
64 y_1_2 8
64 x_1_2 14
64 y_1_2 18
64 x_1_2 22
64 t 25
64 x_1_2 27
64 t 29
64 y_1_2 31
64 t 33
64 t 35
64 y_1_2 37
64 x_1_2 41
64 y_1_2 45
64 t 48
64 t 50
64 y_1_2 52
64 t 54
64 x_1_2 56
64 t 58
64 y_1_2 62
64 y_1_2 66
64 x_1_2 70
64 t 73
64 y_1_2 75
64 t 77
64 x_1_2 79
64 t 81
64 t 83
64 x_1_2 85
64 y_1_2 89
64 x_1_2 93
64 t 96
64 t 98
64 x_1_2 100
64 t 102
64 y_1_2 104
64 t 106
64 x_1_2 110
64 y_1_2 114
64 x_1_2 118
64 t 121
64 x_1_2 123
64 t 125
64 x_1_2 127
64 t 129
64 t 131
64 x_1_2 133
64 y_1_2 137
64 x_1_2 141
65 h 0
65 h 1
65 h 2
65 h 3
65 h 4
65 h 5
65 h 6
65 h 7
