144
49 cz 80 81
49 cz 86 87
49 cz 90 91
49 cz 94 95
49 cz 96 97
49 cz 100 101
49 cz 104 105
49 cz 110 111
49 cz 114 115
49 cz 118 119
49 cz 120 121
49 cz 124 125
49 cz 128 129
49 cz 134 135
49 cz 138 139
49 cz 142 143
49 y_1_2 3
49 y_1_2 7
49 y_1_2 11
49 y_1_2 13
49 y_1_2 17
49 x_1_2 21
49 y_1_2 26
49 t 27
49 x_1_2 30
49 t 31
49 x_1_2 34
49 x_1_2 36
49 t 37
49 x_1_2 40
49 t 41
49 y_1_2 44
49 t 45
49 x_1_2 51
49 x_1_2 55
49 x_1_2 59
49 y_1_2 61
49 x_1_2 65
49 y_1_2 69
49 y_1_2 74
49 t 75
49 x_1_2 78
49 t 79
49 x_1_2 82
49 y_1_2 84
49 t 85
49 y_1_2 88
49 t 89
49 y_1_2 92
49 t 93
49 x_1_2 99
49 x_1_2 103
49 x_1_2 107
49 x_1_2 109
49 y_1_2 113
49 x_1_2 117
49 x_1_2 122
49 t 123
49 y_1_2 126
49 t 127
49 x_1_2 130
49 x_1_2 132
49 t 133
49 x_1_2 136
49 t 137
49 y_1_2 140
49 t 141
50 cz 12 24
50 cz 60 72
50 cz 108 120
50 cz 37 49
50 cz 85 97
50 cz 14 26
50 cz 62 74
50 cz 110 122
50 cz 39 51
50 cz 87 99
50 cz 16 28
50 cz 64 76
50 cz 112 124
50 cz 41 53
50 cz 89 101
50 cz 18 30
50 cz 66 78
50 cz 114 126
50 cz 43 55
50 cz 91 103
50 cz 20 32
50 cz 68 80
50 cz 116 128
50 cz 45 57
50 cz 93 105
50 cz 22 34
50 cz 70 82
50 cz 118 130
50 cz 47 59
50 cz 95 107
50 y_1_2 0
50 x_1_2 1
50 t 3
