144
60 x_1_2 40
60 y_1_2 44
60 y_1_2 49
60 t 51
60 x_1_2 53
60 t 55
60 x_1_2 57
60 t 59
60 y_1_2 63
60 x_1_2 67
60 t 72
60 x_1_2 74
60 t 76
60 x_1_2 78
60 t 80
60 y_1_2 82
60 x_1_2 88
60 x_1_2 92
60 y_1_2 97
60 t 99
60 x_1_2 101
60 t 103
60 y_1_2 105
60 t 107
60 y_1_2 111
60 y_1_2 115
60 t 120
60 y_1_2 122
60 t 124
60 y_1_2 126
60 t 128
60 x_1_2 130
60 y_1_2 136
60 y_1_2 140
61 cz 2 3
61 cz 6 7
61 cz 10 11
61 cz 12 13
61 cz 16 17
61 cz 20 21
61 cz 26 27
61 cz 30 31
61 cz 34 35
61 cz 36 37
61 cz 40 41
61 cz 44 45
61 cz 50 51
61 cz 54 55
61 cz 58 59
61 cz 60 61
61 cz 64 65
61 cz 68 69
61 cz 74 75
61 cz 78 79
61 cz 82 83
61 cz 84 85
61 cz 88 89
61 cz 92 93
61 cz 98 99
61 cz 102 103
61 cz 106 107
61 cz 108 109
61 cz 112 113
61 cz 116 117
61 cz 122 123
61 cz 126 127
61 cz 130 131
61 cz 132 133
61 cz 136 137
61 cz 140 141
61 y_1_2 0
61 t 1
61 x_1_2 4
61 t 5
61 y_1_2 8
61 t 9
61 x_1_2 14
61 t 15
61 y_1_2 18
61 t 19
61 y_1_2 22
61 x_1_2 25
61 x_1_2 29
61 y_1_2 33
61 x_1_2 39
61 y_1_2 43
61 y_1_2 47
61 x_1_2 48
61 t 49
61 y_1_2 52
61 t 53
61 x_1_2 56
61 t 57
61 y_1_2 62
61 t 63
61 x_1_2 66
61 t 67
61 y_1_2 70
61 y_1_2 73
61 x_1_2 77
