144
15 cz 109 110
15 cz 113 114
15 cz 117 118
15 cz 123 124
15 cz 127 128
15 cz 133 134
15 cz 137 138
15 cz 141 142
15 t 2
15 t 6
15 t 10
15 t 11
15 t 12
15 x_1_2 15
15 t 16
15 x_1_2 19
15 t 20
15 x_1_2 23
15 x_1_2 25
15 t 26
15 y_1_2 29
15 t 30
15 y_1_2 33
15 t 34
15 y_1_2 35
15 y_1_2 36
15 x_1_2 40
15 x_1_2 44
15 x_1_2 48
15 y_1_2 50
15 x_1_2 54
15 y_1_2 58
15 t 59
15 t 60
15 x_1_2 63
15 t 64
15 y_1_2 67
15 t 68
15 x_1_2 71
15 x_1_2 73
15 t 74
15 x_1_2 77
15 t 78
15 y_1_2 81
15 t 82
15 y_1_2 83
15 x_1_2 84
15 y_1_2 88
15 x_1_2 92
15 x_1_2 96
15 x_1_2 98
15 x_1_2 102
15 y_1_2 106
15 t 107
15 t 108
15 y_1_2 111
15 t 112
15 x_1_2 115
15 t 116
15 x_1_2 119
15 x_1_2 121
15 t 122
15 y_1_2 125
15 t 126
15 y_1_2 129
15 t 130
15 y_1_2 131
15 t 132
15 t 136
15 t 140
16 cz 24 36
16 cz 72 84
16 cz 120 132
16 cz 1 13
16 cz 49 61
16 cz 97 109
16 cz 26 38
16 cz 74 86
16 cz 122 134
16 cz 3 15
16 cz 51 63
16 cz 99 111
16 cz 28 40
16 cz 76 88
16 cz 124 136
16 cz 5 17
16 cz 53 65
16 cz 101 113
16 cz 30 42
16 cz 78 90
16 cz 126 138
16 cz 7 19
16 cz 55 67
16 cz 103 115
16 cz 32 44
16 cz 80 92
16 cz 128 140
16 cz 9 21
16 cz 57 69
16 cz 105 117
