144
57 cz 56 57
57 cz 62 63
57 cz 66 67
57 cz 70 71
57 cz 72 73
57 cz 76 77
57 cz 80 81
57 cz 86 87
57 cz 90 91
57 cz 94 95
57 cz 96 97
57 cz 100 101
57 cz 104 105
57 cz 110 111
57 cz 114 115
57 cz 118 119
57 cz 120 121
57 cz 124 125
57 cz 128 129
57 cz 134 135
57 cz 138 139
57 cz 142 143
57 y_1_2 3
57 x_1_2 7
57 x_1_2 11
57 y_1_2 13
57 x_1_2 17
57 y_1_2 21
57 x_1_2 26
57 t 27
57 x_1_2 30
57 t 31
57 y_1_2 34
57 y_1_2 36
57 t 37
57 x_1_2 40
57 t 41
57 x_1_2 44
57 t 45
57 y_1_2 51
57 y_1_2 55
57 y_1_2 59
57 x_1_2 61
57 y_1_2 65
57 x_1_2 69
57 x_1_2 74
57 t 75
57 y_1_2 78
57 t 79
57 y_1_2 82
57 x_1_2 84
57 t 85
57 x_1_2 88
57 t 89
57 y_1_2 92
57 t 93
57 x_1_2 99
57 y_1_2 103
57 y_1_2 107
57 y_1_2 109
57 x_1_2 113
57 x_1_2 117
57 y_1_2 122
57 t 123
57 y_1_2 126
57 t 127
57 y_1_2 130
57 y_1_2 132
57 t 133
57 x_1_2 136
57 t 137
57 x_1_2 140
57 t 141
58 cz 12 24
58 cz 60 72
58 cz 108 120
58 cz 37 49
58 cz 85 97
58 cz 14 26
58 cz 62 74
58 cz 110 122
58 cz 39 51
58 cz 87 99
58 cz 16 28
58 cz 64 76
58 cz 112 124
58 cz 41 53
58 cz 89 101
58 cz 18 30
58 cz 66 78
58 cz 114 126
58 cz 43 55
58 cz 91 103
58 cz 20 32
58 cz 68 80
58 cz 116 128
58 cz 45 57
58 cz 93 105
58 cz 22 34
58 cz 70 82
