144
33 cz 128 129
33 cz 134 135
33 cz 138 139
33 cz 142 143
33 x_1_2 3
33 x_1_2 7
33 y_1_2 11
33 y_1_2 13
33 x_1_2 17
33 y_1_2 21
33 x_1_2 26
33 t 27
33 y_1_2 30
33 t 31
33 y_1_2 34
33 y_1_2 36
33 t 37
33 x_1_2 40
33 t 41
33 y_1_2 44
33 t 45
33 y_1_2 51
33 y_1_2 55
33 x_1_2 59
33 y_1_2 61
33 y_1_2 65
33 x_1_2 69
33 y_1_2 74
33 t 75
33 y_1_2 78
33 t 79
33 x_1_2 82
33 x_1_2 84
33 t 85
33 y_1_2 88
33 t 89
33 x_1_2 92
33 t 93
33 x_1_2 99
33 y_1_2 103
33 x_1_2 107
33 x_1_2 109
33 x_1_2 113
33 x_1_2 117
33 x_1_2 122
33 t 123
33 y_1_2 126
33 t 127
33 y_1_2 130
33 y_1_2 132
33 t 133
33 x_1_2 136
33 t 137
33 y_1_2 140
33 t 141
34 cz 12 24
34 cz 60 72
34 cz 108 120
34 cz 37 49
34 cz 85 97
34 cz 14 26
34 cz 62 74
34 cz 110 122
34 cz 39 51
34 cz 87 99
34 cz 16 28
34 cz 64 76
34 cz 112 124
34 cz 41 53
34 cz 89 101
34 cz 18 30
34 cz 66 78
34 cz 114 126
34 cz 43 55
34 cz 91 103
34 cz 20 32
34 cz 68 80
34 cz 116 128
34 cz 45 57
34 cz 93 105
34 cz 22 34
34 cz 70 82
34 cz 118 130
34 cz 47 59
34 cz 95 107
34 x_1_2 0
34 x_1_2 1
34 t 3
34 x_1_2 4
34 x_1_2 5
34 t 7
34 x_1_2 8
34 y_1_2 9
34 t 11
34 t 13
34 y_1_2 15
34 t 17
34 x_1_2 19
34 t 21
34 y_1_2 23
