144
43 t 46
43 x_1_2 47
43 t 48
43 x_1_2 51
43 t 52
43 x_1_2 55
43 t 56
43 x_1_2 59
43 x_1_2 60
43 x_1_2 62
43 x_1_2 66
43 x_1_2 70
43 t 71
43 y_1_2 72
43 y_1_2 76
43 x_1_2 80
43 y_1_2 85
43 t 86
43 x_1_2 89
43 t 90
43 y_1_2 93
43 t 94
43 y_1_2 95
43 t 96
43 y_1_2 99
43 t 100
43 x_1_2 103
43 t 104
43 x_1_2 107
43 y_1_2 108
43 x_1_2 110
43 y_1_2 114
43 y_1_2 118
43 t 119
43 x_1_2 120
43 y_1_2 124
43 y_1_2 128
43 t 134
43 t 138
43 t 142
43 t 143
44 cz 0 12
44 cz 48 60
44 cz 96 108
44 cz 25 37
44 cz 73 85
44 cz 121 133
44 cz 2 14
44 cz 50 62
44 cz 98 110
44 cz 27 39
44 cz 75 87
44 cz 123 135
44 cz 4 16
44 cz 52 64
44 cz 100 112
44 cz 29 41
44 cz 77 89
44 cz 125 137
44 cz 6 18
44 cz 54 66
44 cz 102 114
44 cz 31 43
44 cz 79 91
44 cz 127 139
44 cz 8 20
44 cz 56 68
44 cz 104 116
44 cz 33 45
44 cz 81 93
44 cz 129 141
44 cz 10 22
44 cz 58 70
44 cz 106 118
44 cz 35 47
44 cz 83 95
44 cz 131 143
44 y_1_2 1
44 x_1_2 5
44 y_1_2 9
44 y_1_2 15
44 x_1_2 19
44 t 24
44 y_1_2 26
44 t 28
44 x_1_2 30
44 t 32
44 y_1_2 34
44 y_1_2 40
44 x_1_2 44
44 y_1_2 49
44 t 51
44 x_1_2 53
44 t 55
44 x_1_2 57
44 t 59
44 y_1_2 63
44 y_1_2 67
44 t 72
44 x_1_2 74
