144
20 t 128
20 x_1_2 130
20 x_1_2 136
20 y_1_2 140
21 cz 2 3
21 cz 6 7
21 cz 10 11
21 cz 12 13
21 cz 16 17
21 cz 20 21
21 cz 26 27
21 cz 30 31
21 cz 34 35
21 cz 36 37
21 cz 40 41
21 cz 44 45
21 cz 50 51
21 cz 54 55
21 cz 58 59
21 cz 60 61
21 cz 64 65
21 cz 68 69
21 cz 74 75
21 cz 78 79
21 cz 82 83
21 cz 84 85
21 cz 88 89
21 cz 92 93
21 cz 98 99
21 cz 102 103
21 cz 106 107
21 cz 108 109
21 cz 112 113
21 cz 116 117
21 cz 122 123
21 cz 126 127
21 cz 130 131
21 cz 132 133
21 cz 136 137
21 cz 140 141
21 x_1_2 0
21 t 1
21 x_1_2 4
21 t 5
21 y_1_2 8
21 t 9
21 y_1_2 14
21 t 15
21 x_1_2 18
21 t 19
21 y_1_2 22
21 x_1_2 25
21 y_1_2 29
21 x_1_2 33
21 y_1_2 39
21 x_1_2 43
21 x_1_2 47
21 x_1_2 48
21 t 49
21 y_1_2 52
21 t 53
21 y_1_2 56
21 t 57
21 x_1_2 62
21 t 63
21 x_1_2 66
21 t 67
21 x_1_2 70
21 x_1_2 73
21 x_1_2 77
21 x_1_2 81
21 y_1_2 87
21 x_1_2 91
21 y_1_2 95
21 y_1_2 96
21 t 97
21 y_1_2 100
21 t 101
21 y_1_2 104
21 t 105
21 x_1_2 110
21 t 111
21 y_1_2 114
21 t 115
21 x_1_2 118
21 x_1_2 121
21 y_1_2 125
21 y_1_2 129
21 y_1_2 135
21 y_1_2 139
21 y_1_2 143
22 h 0
22 h 1
22 h 2
22 h 3
22 h 4
22 h 5
22 h 6
22 h 7
22 h 8
