144
16 cz 34 46
16 cz 82 94
16 cz 130 142
16 cz 11 23
16 cz 59 71
16 cz 107 119
16 y_1_2 4
16 x_1_2 8
16 y_1_2 14
16 x_1_2 18
16 x_1_2 22
16 t 25
16 x_1_2 27
16 t 29
16 x_1_2 31
16 t 33
16 t 35
16 x_1_2 37
16 x_1_2 41
16 x_1_2 45
16 t 48
16 t 50
16 x_1_2 52
16 t 54
16 x_1_2 56
16 t 58
16 x_1_2 62
16 y_1_2 66
16 x_1_2 70
16 t 73
16 y_1_2 75
16 t 77
16 x_1_2 79
16 t 81
16 t 83
16 y_1_2 85
16 x_1_2 89
16 x_1_2 93
16 t 96
16 t 98
16 x_1_2 100
16 t 102
16 y_1_2 104
16 t 106
16 y_1_2 110
16 y_1_2 114
16 y_1_2 118
16 t 121
16 x_1_2 123
16 t 125
16 x_1_2 127
16 t 129
16 t 131
16 y_1_2 133
16 x_1_2 137
16 y_1_2 141
17 cz 0 1
17 cz 4 5
17 cz 8 9
17 cz 14 15
17 cz 18 19
17 cz 22 23
17 cz 24 25
17 cz 28 29
17 cz 32 33
17 cz 38 39
17 cz 42 43
17 cz 46 47
17 cz 48 49
17 cz 52 53
17 cz 56 57
17 cz 62 63
17 cz 66 67
17 cz 70 71
17 cz 72 73
17 cz 76 77
17 cz 80 81
17 cz 86 87
17 cz 90 91
17 cz 94 95
17 cz 96 97
17 cz 100 101
17 cz 104 105
17 cz 110 111
17 cz 114 115
17 cz 118 119
17 cz 120 121
17 cz 124 125
17 cz 128 129
17 cz 134 135
17 cz 138 139
17 cz 142 143
17 x_1_2 3
17 y_1_2 7
17 y_1_2 11
17 y_1_2 13
17 x_1_2 17
17 x_1_2 21
17 y_1_2 26
17 t 27
