144
14 cz 42 54
14 cz 90 102
14 cz 19 31
14 cz 67 79
14 cz 115 127
14 cz 44 56
14 cz 92 104
14 cz 21 33
14 cz 69 81
14 cz 117 129
14 cz 46 58
14 cz 94 106
14 cz 23 35
14 cz 71 83
14 cz 119 131
14 t 0
14 x_1_2 2
14 x_1_2 3
14 t 4
14 x_1_2 6
14 x_1_2 7
14 t 8
14 x_1_2 10
14 x_1_2 11
14 x_1_2 12
14 t 14
14 y_1_2 16
14 t 18
14 y_1_2 20
14 t 22
14 y_1_2 26
14 y_1_2 30
14 y_1_2 34
14 y_1_2 37
14 t 39
14 x_1_2 41
14 t 43
14 x_1_2 45
14 t 47
14 y_1_2 51
14 x_1_2 55
14 y_1_2 59
14 y_1_2 60
14 t 62
14 x_1_2 64
14 t 66
14 y_1_2 68
14 t 70
14 y_1_2 74
14 y_1_2 78
14 y_1_2 82
14 y_1_2 85
14 t 87
14 x_1_2 89
14 t 91
14 y_1_2 93
14 t 95
14 y_1_2 99
14 y_1_2 103
14 y_1_2 107
14 y_1_2 108
14 t 110
14 y_1_2 112
14 t 114
14 y_1_2 116
14 t 118
14 y_1_2 122
14 y_1_2 126
14 x_1_2 130
14 x_1_2 132
14 x_1_2 133
14 t 135
14 x_1_2 136
14 x_1_2 137
14 t 139
14 y_1_2 140
14 y_1_2 141
14 t 143
15 cz 3 4
15 cz 7 8
15 cz 13 14
15 cz 17 18
15 cz 21 22
15 cz 27 28
15 cz 31 32
15 cz 37 38
15 cz 41 42
15 cz 45 46
15 cz 51 52
15 cz 55 56
15 cz 61 62
15 cz 65 66
15 cz 69 70
15 cz 75 76
15 cz 79 80
15 cz 85 86
15 cz 89 90
15 cz 93 94
15 cz 99 100
15 cz 103 104
