144
48 cz 26 38
48 cz 74 86
48 cz 122 134
48 cz 3 15
48 cz 51 63
48 cz 99 111
48 cz 28 40
48 cz 76 88
48 cz 124 136
48 cz 5 17
48 cz 53 65
48 cz 101 113
48 cz 30 42
48 cz 78 90
48 cz 126 138
48 cz 7 19
48 cz 55 67
48 cz 103 115
48 cz 32 44
48 cz 80 92
48 cz 128 140
48 cz 9 21
48 cz 57 69
48 cz 105 117
48 cz 34 46
48 cz 82 94
48 cz 130 142
48 cz 11 23
48 cz 59 71
48 cz 107 119
48 x_1_2 4
48 x_1_2 8
48 y_1_2 14
48 y_1_2 18
48 y_1_2 22
48 t 25
48 x_1_2 27
48 t 29
48 y_1_2 31
48 t 33
48 t 35
48 x_1_2 37
48 y_1_2 41
48 y_1_2 45
48 t 48
48 t 50
48 y_1_2 52
48 t 54
48 x_1_2 56
48 t 58
48 x_1_2 62
48 y_1_2 66
48 x_1_2 70
48 t 73
48 y_1_2 75
48 t 77
48 y_1_2 79
48 t 81
48 t 83
48 y_1_2 85
48 y_1_2 89
48 x_1_2 93
48 t 96
48 t 98
48 y_1_2 100
48 t 102
48 x_1_2 104
48 t 106
48 y_1_2 110
48 x_1_2 114
48 x_1_2 118
48 t 121
48 x_1_2 123
48 t 125
48 y_1_2 127
48 t 129
48 t 131
48 y_1_2 133
48 x_1_2 137
48 y_1_2 141
49 cz 0 1
49 cz 4 5
49 cz 8 9
49 cz 14 15
49 cz 18 19
49 cz 22 23
49 cz 24 25
49 cz 28 29
49 cz 32 33
49 cz 38 39
49 cz 42 43
49 cz 46 47
49 cz 48 49
49 cz 52 53
49 cz 56 57
49 cz 62 63
49 cz 66 67
49 cz 70 71
49 cz 72 73
49 cz 76 77
