144
7 cz 137 138
7 cz 141 142
7 t 2
7 t 6
7 t 10
7 t 11
7 t 12
7 y_1_2 15
7 t 16
7 y_1_2 19
7 t 20
7 y_1_2 23
7 x_1_2 25
7 t 26
7 y_1_2 29
7 t 30
7 y_1_2 33
7 t 34
7 x_1_2 35
7 y_1_2 36
7 y_1_2 40
7 y_1_2 44
7 y_1_2 48
7 x_1_2 50
7 x_1_2 54
7 x_1_2 58
7 t 59
7 t 60
7 x_1_2 63
7 t 64
7 y_1_2 67
7 t 68
7 x_1_2 71
7 y_1_2 73
7 t 74
7 x_1_2 77
7 t 78
7 y_1_2 81
7 t 82
7 y_1_2 83
7 y_1_2 84
7 y_1_2 88
7 y_1_2 92
7 y_1_2 96
7 x_1_2 98
7 y_1_2 102
7 x_1_2 106
7 t 107
7 t 108
7 x_1_2 111
7 t 112
7 y_1_2 115
7 t 116
7 y_1_2 119
7 x_1_2 121
7 t 122
7 y_1_2 125
7 t 126
7 y_1_2 129
7 t 130
7 x_1_2 131
7 t 132
7 t 136
7 t 140
8 cz 24 36
8 cz 72 84
8 cz 120 132
8 cz 1 13
8 cz 49 61
8 cz 97 109
8 cz 26 38
8 cz 74 86
8 cz 122 134
8 cz 3 15
8 cz 51 63
8 cz 99 111
8 cz 28 40
8 cz 76 88
8 cz 124 136
8 cz 5 17
8 cz 53 65
8 cz 101 113
8 cz 30 42
8 cz 78 90
8 cz 126 138
8 cz 7 19
8 cz 55 67
8 cz 103 115
8 cz 32 44
8 cz 80 92
8 cz 128 140
8 cz 9 21
8 cz 57 69
8 cz 105 117
8 cz 34 46
8 cz 82 94
8 cz 130 142
8 cz 11 23
8 cz 59 71
8 cz 107 119
