144
5 cz 34 35
5 cz 36 37
5 cz 40 41
5 cz 44 45
5 cz 50 51
5 cz 54 55
5 cz 58 59
5 cz 60 61
5 cz 64 65
5 cz 68 69
5 cz 74 75
5 cz 78 79
5 cz 82 83
5 cz 84 85
5 cz 88 89
5 cz 92 93
5 cz 98 99
5 cz 102 103
5 cz 106 107
5 cz 108 109
5 cz 112 113
5 cz 116 117
5 cz 122 123
5 cz 126 127
5 cz 130 131
5 cz 132 133
5 cz 136 137
5 cz 140 141
5 x_1_2 0
5 t 1
5 x_1_2 4
5 t 5
5 y_1_2 8
5 t 9
5 y_1_2 14
5 t 15
5 y_1_2 18
5 t 19
5 y_1_2 22
5 y_1_2 25
5 y_1_2 29
5 x_1_2 33
5 y_1_2 39
5 y_1_2 43
5 y_1_2 47
5 y_1_2 48
5 t 49
5 x_1_2 52
5 t 53
5 x_1_2 56
5 t 57
5 x_1_2 62
5 t 63
5 y_1_2 66
5 t 67
5 x_1_2 70
5 x_1_2 73
5 x_1_2 77
5 x_1_2 81
5 x_1_2 87
5 x_1_2 91
5 x_1_2 95
5 x_1_2 96
5 t 97
5 x_1_2 100
5 t 101
5 x_1_2 104
5 t 105
5 x_1_2 110
5 t 111
5 y_1_2 114
5 t 115
5 y_1_2 118
5 x_1_2 121
5 x_1_2 125
5 x_1_2 129
5 x_1_2 135
5 x_1_2 139
5 y_1_2 143
6 cz 36 48
6 cz 84 96
6 cz 13 25
6 cz 61 73
6 cz 109 121
6 cz 38 50
6 cz 86 98
6 cz 15 27
6 cz 63 75
6 cz 111 123
6 cz 40 52
6 cz 88 100
6 cz 17 29
6 cz 65 77
6 cz 113 125
6 cz 42 54
6 cz 90 102
6 cz 19 31
6 cz 67 79
6 cz 115 127
6 cz 44 56
