144
23 cz 79 80
23 cz 85 86
23 cz 89 90
23 cz 93 94
23 cz 99 100
23 cz 103 104
23 cz 109 110
23 cz 113 114
23 cz 117 118
23 cz 123 124
23 cz 127 128
23 cz 133 134
23 cz 137 138
23 cz 141 142
23 t 2
23 t 6
23 t 10
23 t 11
23 t 12
23 y_1_2 15
23 t 16
23 y_1_2 19
23 t 20
23 y_1_2 23
23 y_1_2 25
23 t 26
23 x_1_2 29
23 t 30
23 y_1_2 33
23 t 34
23 y_1_2 35
23 x_1_2 36
23 x_1_2 40
23 y_1_2 44
23 x_1_2 48
23 x_1_2 50
23 y_1_2 54
23 y_1_2 58
23 t 59
23 t 60
23 y_1_2 63
23 t 64
23 y_1_2 67
23 t 68
23 x_1_2 71
23 y_1_2 73
23 t 74
23 x_1_2 77
23 t 78
23 x_1_2 81
23 t 82
23 y_1_2 83
23 y_1_2 84
23 x_1_2 88
23 y_1_2 92
23 x_1_2 96
23 y_1_2 98
23 x_1_2 102
23 x_1_2 106
23 t 107
23 t 108
23 x_1_2 111
23 t 112
23 x_1_2 115
23 t 116
23 x_1_2 119
23 y_1_2 121
23 t 122
23 x_1_2 125
23 t 126
23 y_1_2 129
23 t 130
23 x_1_2 131
23 t 132
23 t 136
23 t 140
24 cz 24 36
24 cz 72 84
24 cz 120 132
24 cz 1 13
24 cz 49 61
24 cz 97 109
24 cz 26 38
24 cz 74 86
24 cz 122 134
24 cz 3 15
24 cz 51 63
24 cz 99 111
24 cz 28 40
24 cz 76 88
24 cz 124 136
24 cz 5 17
24 cz 53 65
24 cz 101 113
24 cz 30 42
24 cz 78 90
24 cz 126 138
24 cz 7 19
24 cz 55 67
24 cz 103 115
