144
40 cz 28 40
40 cz 76 88
40 cz 124 136
40 cz 5 17
40 cz 53 65
40 cz 101 113
40 cz 30 42
40 cz 78 90
40 cz 126 138
40 cz 7 19
40 cz 55 67
40 cz 103 115
40 cz 32 44
40 cz 80 92
40 cz 128 140
40 cz 9 21
40 cz 57 69
40 cz 105 117
40 cz 34 46
40 cz 82 94
40 cz 130 142
40 cz 11 23
40 cz 59 71
40 cz 107 119
40 x_1_2 4
40 x_1_2 8
40 y_1_2 14
40 y_1_2 18
40 y_1_2 22
40 t 25
40 x_1_2 27
40 t 29
40 x_1_2 31
40 t 33
40 t 35
40 y_1_2 37
40 y_1_2 41
40 x_1_2 45
40 t 48
40 t 50
40 x_1_2 52
40 t 54
40 x_1_2 56
40 t 58
40 y_1_2 62
40 y_1_2 66
40 y_1_2 70
40 t 73
40 y_1_2 75
40 t 77
40 y_1_2 79
40 t 81
40 t 83
40 y_1_2 85
40 y_1_2 89
40 x_1_2 93
40 t 96
40 t 98
40 y_1_2 100
40 t 102
40 x_1_2 104
40 t 106
40 y_1_2 110
40 y_1_2 114
40 y_1_2 118
40 t 121
40 x_1_2 123
40 t 125
40 y_1_2 127
40 t 129
40 t 131
40 x_1_2 133
40 y_1_2 137
40 y_1_2 141
41 cz 0 1
41 cz 4 5
41 cz 8 9
41 cz 14 15
41 cz 18 19
41 cz 22 23
41 cz 24 25
41 cz 28 29
41 cz 32 33
41 cz 38 39
41 cz 42 43
41 cz 46 47
41 cz 48 49
41 cz 52 53
41 cz 56 57
41 cz 62 63
41 cz 66 67
41 cz 70 71
41 cz 72 73
41 cz 76 77
41 cz 80 81
41 cz 86 87
41 cz 90 91
41 cz 94 95
41 cz 96 97
41 cz 100 101
