144
59 x_1_2 14
59 y_1_2 18
59 y_1_2 22
59 t 23
59 y_1_2 24
59 x_1_2 28
59 y_1_2 32
59 x_1_2 37
59 t 38
59 x_1_2 41
59 t 42
59 y_1_2 45
59 t 46
59 y_1_2 47
59 t 48
59 y_1_2 51
59 t 52
59 y_1_2 55
59 t 56
59 y_1_2 59
59 y_1_2 60
59 x_1_2 62
59 x_1_2 66
59 x_1_2 70
59 t 71
59 x_1_2 72
59 x_1_2 76
59 y_1_2 80
59 x_1_2 85
59 t 86
59 x_1_2 89
59 t 90
59 y_1_2 93
59 t 94
59 y_1_2 95
59 t 96
59 x_1_2 99
59 t 100
59 y_1_2 103
59 t 104
59 y_1_2 107
59 y_1_2 108
59 x_1_2 110
59 x_1_2 114
59 x_1_2 118
59 t 119
59 y_1_2 120
59 x_1_2 124
59 x_1_2 128
59 t 134
59 t 138
59 t 142
59 t 143
60 cz 0 12
60 cz 48 60
60 cz 96 108
60 cz 25 37
60 cz 73 85
60 cz 121 133
60 cz 2 14
60 cz 50 62
60 cz 98 110
60 cz 27 39
60 cz 75 87
60 cz 123 135
60 cz 4 16
60 cz 52 64
60 cz 100 112
60 cz 29 41
60 cz 77 89
60 cz 125 137
60 cz 6 18
60 cz 54 66
60 cz 102 114
60 cz 31 43
60 cz 79 91
60 cz 127 139
60 cz 8 20
60 cz 56 68
60 cz 104 116
60 cz 33 45
60 cz 81 93
60 cz 129 141
60 cz 10 22
60 cz 58 70
60 cz 106 118
60 cz 35 47
60 cz 83 95
60 cz 131 143
60 x_1_2 1
60 y_1_2 5
60 x_1_2 9
60 y_1_2 15
60 y_1_2 19
60 t 24
60 x_1_2 26
60 t 28
60 y_1_2 30
60 t 32
60 y_1_2 34
