144
8 x_1_2 4
8 y_1_2 8
8 x_1_2 14
8 y_1_2 18
8 x_1_2 22
8 t 25
8 x_1_2 27
8 t 29
8 y_1_2 31
8 t 33
8 t 35
8 y_1_2 37
8 x_1_2 41
8 y_1_2 45
8 t 48
8 t 50
8 y_1_2 52
8 t 54
8 y_1_2 56
8 t 58
8 y_1_2 62
8 x_1_2 66
8 y_1_2 70
8 t 73
8 y_1_2 75
8 t 77
8 x_1_2 79
8 t 81
8 t 83
8 x_1_2 85
8 x_1_2 89
8 y_1_2 93
8 t 96
8 t 98
8 x_1_2 100
8 t 102
8 x_1_2 104
8 t 106
8 y_1_2 110
8 x_1_2 114
8 x_1_2 118
8 t 121
8 x_1_2 123
8 t 125
8 x_1_2 127
8 t 129
8 t 131
8 x_1_2 133
8 y_1_2 137
8 y_1_2 141
9 cz 0 1
9 cz 4 5
9 cz 8 9
9 cz 14 15
9 cz 18 19
9 cz 22 23
9 cz 24 25
9 cz 28 29
9 cz 32 33
9 cz 38 39
9 cz 42 43
9 cz 46 47
9 cz 48 49
9 cz 52 53
9 cz 56 57
9 cz 62 63
9 cz 66 67
9 cz 70 71
9 cz 72 73
9 cz 76 77
9 cz 80 81
9 cz 86 87
9 cz 90 91
9 cz 94 95
9 cz 96 97
9 cz 100 101
9 cz 104 105
9 cz 110 111
9 cz 114 115
9 cz 118 119
9 cz 120 121
9 cz 124 125
9 cz 128 129
9 cz 134 135
9 cz 138 139
9 cz 142 143
9 x_1_2 3
9 y_1_2 7
9 x_1_2 11
9 x_1_2 13
9 x_1_2 17
9 y_1_2 21
9 y_1_2 26
9 t 27
9 x_1_2 30
9 t 31
9 x_1_2 34
9 x_1_2 36
9 t 37
9 x_1_2 40
