144
6 cz 92 104
6 cz 21 33
6 cz 69 81
6 cz 117 129
6 cz 46 58
6 cz 94 106
6 cz 23 35
6 cz 71 83
6 cz 119 131
6 t 0
6 x_1_2 2
6 y_1_2 3
6 t 4
6 x_1_2 6
6 y_1_2 7
6 t 8
6 x_1_2 10
6 x_1_2 11
6 y_1_2 12
6 t 14
6 x_1_2 16
6 t 18
6 x_1_2 20
6 t 22
6 x_1_2 26
6 x_1_2 30
6 x_1_2 34
6 y_1_2 37
6 t 39
6 y_1_2 41
6 t 43
6 y_1_2 45
6 t 47
6 y_1_2 51
6 y_1_2 55
6 x_1_2 59
6 x_1_2 60
6 t 62
6 x_1_2 64
6 t 66
6 y_1_2 68
6 t 70
6 y_1_2 74
6 y_1_2 78
6 y_1_2 82
6 x_1_2 85
6 t 87
6 x_1_2 89
6 t 91
6 y_1_2 93
6 t 95
6 x_1_2 99
6 x_1_2 103
6 x_1_2 107
6 x_1_2 108
6 t 110
6 y_1_2 112
6 t 114
6 x_1_2 116
6 t 118
6 x_1_2 122
6 x_1_2 126
6 x_1_2 130
6 x_1_2 132
6 y_1_2 133
6 t 135
6 x_1_2 136
6 x_1_2 137
6 t 139
6 y_1_2 140
6 x_1_2 141
6 t 143
7 cz 3 4
7 cz 7 8
7 cz 13 14
7 cz 17 18
7 cz 21 22
7 cz 27 28
7 cz 31 32
7 cz 37 38
7 cz 41 42
7 cz 45 46
7 cz 51 52
7 cz 55 56
7 cz 61 62
7 cz 65 66
7 cz 69 70
7 cz 75 76
7 cz 79 80
7 cz 85 86
7 cz 89 90
7 cz 93 94
7 cz 99 100
7 cz 103 104
7 cz 109 110
7 cz 113 114
7 cz 117 118
7 cz 123 124
7 cz 127 128
7 cz 133 134
