144
35 t 56
35 x_1_2 59
35 y_1_2 60
35 x_1_2 62
35 x_1_2 66
35 x_1_2 70
35 t 71
35 y_1_2 72
35 y_1_2 76
35 x_1_2 80
35 y_1_2 85
35 t 86
35 y_1_2 89
35 t 90
35 x_1_2 93
35 t 94
35 y_1_2 95
35 t 96
35 x_1_2 99
35 t 100
35 x_1_2 103
35 t 104
35 x_1_2 107
35 y_1_2 108
35 y_1_2 110
35 y_1_2 114
35 y_1_2 118
35 t 119
35 x_1_2 120
35 x_1_2 124
35 y_1_2 128
35 t 134
35 t 138
35 t 142
35 t 143
36 cz 0 12
36 cz 48 60
36 cz 96 108
36 cz 25 37
36 cz 73 85
36 cz 121 133
36 cz 2 14
36 cz 50 62
36 cz 98 110
36 cz 27 39
36 cz 75 87
36 cz 123 135
36 cz 4 16
36 cz 52 64
36 cz 100 112
36 cz 29 41
36 cz 77 89
36 cz 125 137
36 cz 6 18
36 cz 54 66
36 cz 102 114
36 cz 31 43
36 cz 79 91
36 cz 127 139
36 cz 8 20
36 cz 56 68
36 cz 104 116
36 cz 33 45
36 cz 81 93
36 cz 129 141
36 cz 10 22
36 cz 58 70
36 cz 106 118
36 cz 35 47
36 cz 83 95
36 cz 131 143
36 x_1_2 1
36 y_1_2 5
36 y_1_2 9
36 x_1_2 15
36 y_1_2 19
36 t 24
36 x_1_2 26
36 t 28
36 x_1_2 30
36 t 32
36 y_1_2 34
36 x_1_2 40
36 x_1_2 44
36 x_1_2 49
36 t 51
36 y_1_2 53
36 t 55
36 x_1_2 57
36 t 59
36 x_1_2 63
36 x_1_2 67
36 t 72
36 y_1_2 74
36 t 76
36 x_1_2 78
36 t 80
36 y_1_2 82
36 x_1_2 88
36 y_1_2 92
