144
19 y_1_2 89
19 t 90
19 y_1_2 93
19 t 94
19 x_1_2 95
19 t 96
19 x_1_2 99
19 t 100
19 x_1_2 103
19 t 104
19 y_1_2 107
19 x_1_2 108
19 x_1_2 110
19 x_1_2 114
19 y_1_2 118
19 t 119
19 y_1_2 120
19 y_1_2 124
19 x_1_2 128
19 t 134
19 t 138
19 t 142
19 t 143
20 cz 0 12
20 cz 48 60
20 cz 96 108
20 cz 25 37
20 cz 73 85
20 cz 121 133
20 cz 2 14
20 cz 50 62
20 cz 98 110
20 cz 27 39
20 cz 75 87
20 cz 123 135
20 cz 4 16
20 cz 52 64
20 cz 100 112
20 cz 29 41
20 cz 77 89
20 cz 125 137
20 cz 6 18
20 cz 54 66
20 cz 102 114
20 cz 31 43
20 cz 79 91
20 cz 127 139
20 cz 8 20
20 cz 56 68
20 cz 104 116
20 cz 33 45
20 cz 81 93
20 cz 129 141
20 cz 10 22
20 cz 58 70
20 cz 106 118
20 cz 35 47
20 cz 83 95
20 cz 131 143
20 x_1_2 1
20 x_1_2 5
20 y_1_2 9
20 y_1_2 15
20 y_1_2 19
20 t 24
20 x_1_2 26
20 t 28
20 x_1_2 30
20 t 32
20 x_1_2 34
20 x_1_2 40
20 y_1_2 44
20 x_1_2 49
20 t 51
20 y_1_2 53
20 t 55
20 y_1_2 57
20 t 59
20 y_1_2 63
20 x_1_2 67
20 t 72
20 y_1_2 74
20 t 76
20 y_1_2 78
20 t 80
20 y_1_2 82
20 x_1_2 88
20 x_1_2 92
20 x_1_2 97
20 t 99
20 y_1_2 101
20 t 103
20 x_1_2 105
20 t 107
20 x_1_2 111
20 y_1_2 115
20 t 120
20 y_1_2 122
20 t 124
20 y_1_2 126
