144
28 y_1_2 111
28 y_1_2 115
28 t 120
28 x_1_2 122
28 t 124
28 y_1_2 126
28 t 128
28 y_1_2 130
28 x_1_2 136
28 y_1_2 140
29 cz 2 3
29 cz 6 7
29 cz 10 11
29 cz 12 13
29 cz 16 17
29 cz 20 21
29 cz 26 27
29 cz 30 31
29 cz 34 35
29 cz 36 37
29 cz 40 41
29 cz 44 45
29 cz 50 51
29 cz 54 55
29 cz 58 59
29 cz 60 61
29 cz 64 65
29 cz 68 69
29 cz 74 75
29 cz 78 79
29 cz 82 83
29 cz 84 85
29 cz 88 89
29 cz 92 93
29 cz 98 99
29 cz 102 103
29 cz 106 107
29 cz 108 109
29 cz 112 113
29 cz 116 117
29 cz 122 123
29 cz 126 127
29 cz 130 131
29 cz 132 133
29 cz 136 137
29 cz 140 141
29 x_1_2 0
29 t 1
29 y_1_2 4
29 t 5
29 y_1_2 8
29 t 9
29 y_1_2 14
29 t 15
29 x_1_2 18
29 t 19
29 x_1_2 22
29 y_1_2 25
29 x_1_2 29
29 y_1_2 33
29 x_1_2 39
29 x_1_2 43
29 x_1_2 47
29 y_1_2 48
29 t 49
29 x_1_2 52
29 t 53
29 x_1_2 56
29 t 57
29 y_1_2 62
29 t 63
29 y_1_2 66
29 t 67
29 x_1_2 70
29 x_1_2 73
29 x_1_2 77
29 x_1_2 81
29 x_1_2 87
29 x_1_2 91
29 x_1_2 95
29 x_1_2 96
29 t 97
29 y_1_2 100
29 t 101
29 x_1_2 104
29 t 105
29 y_1_2 110
29 t 111
29 x_1_2 114
29 t 115
29 y_1_2 118
29 y_1_2 121
29 y_1_2 125
29 x_1_2 129
29 y_1_2 135
29 x_1_2 139
29 y_1_2 143
30 h 0
30 h 1
30 h 2
