70
4 t 7
4 cz 8 15
4 x_1_2 9
4 cz 10 17
4 y_1_2 14
4 x_1_2 18
4 t 19
4 x_1_2 20
4 cz 21 31
4 t 22
4 cz 23 33
4 x_1_2 24
4 cz 25 35
4 t 26
4 cz 27 37
4 y_1_2 28
4 cz 29 39
4 x_1_2 32
4 x_1_2 36
4 y_1_2 40
4 x_1_2 41
4 cz 42 51
4 t 43
4 cz 44 53
4 x_1_2 45
4 cz 46 55
4 t 47
4 cz 48 57
4 y_1_2 49
4 y_1_2 52
4 x_1_2 56
4 t 58
4 cz 59 64
4 y_1_2 60
4 cz 61 66
4 t 62
4 y_1_2 68
4 y_1_2 69
5 t 0
5 y_1_2 1
5 cz 2 3
5 x_1_2 4
5 y_1_2 6
5 x_1_2 8
5 cz 9 10
5 x_1_2 13
5 cz 14 15
5 y_1_2 17
5 cz 18 19
5 t 20
5 cz 21 22
5 x_1_2 23
5 t 24
5 cz 25 26
5 x_1_2 27
5 t 28
5 x_1_2 29
5 y_1_2 31
5 t 32
5 cz 33 34
5 y_1_2 35
5 t 36
5 cz 37 38
5 y_1_2 39
5 t 40
5 cz 41 42
5 y_1_2 44
5 cz 45 46
5 x_1_2 48
5 t 49
5 y_1_2 51
5 cz 52 53
5 y_1_2 55
5 cz 56 57
5 y_1_2 59
5 t 60
5 cz 61 62
5 cz 64 65
5 x_1_2 66
5 t 68
5 t 69
6 t 1
6 y_1_2 2
6 cz 3 8
6 t 4
6 cz 5 10
6 t 6
6 y_1_2 9
6 cz 12 21
6 t 13
6 cz 14 23
6 x_1_2 15
6 cz 16 25
6 t 17
6 cz 18 27
6 y_1_2 19
6 x_1_2 22
6 y_1_2 26
6 t 29
6 cz 30 40
