70
11 cz 24 25
11 x_1_2 26
11 t 27
11 cz 28 29
11 y_1_2 31
11 cz 32 33
11 y_1_2 35
11 cz 36 37
11 y_1_2 39
11 cz 40 41
11 y_1_2 43
11 cz 44 45
11 y_1_2 47
11 cz 48 49
11 t 50
11 cz 51 52
11 y_1_2 53
11 t 54
11 cz 55 56
11 y_1_2 58
11 t 59
11 cz 60 61
11 x_1_2 62
11 y_1_2 66
11 t 67
11 cz 68 69
12 y_1_2 0
12 cz 1 4
12 t 2
12 cz 6 13
12 t 7
12 cz 8 15
12 x_1_2 9
12 cz 10 17
12 y_1_2 14
12 y_1_2 18
12 t 19
12 y_1_2 20
12 cz 21 31
12 t 22
12 cz 23 33
12 x_1_2 24
12 cz 25 35
12 t 26
12 cz 27 37
12 y_1_2 28
12 cz 29 39
12 x_1_2 32
12 y_1_2 36
12 y_1_2 40
12 x_1_2 41
12 cz 42 51
12 t 43
12 cz 44 53
12 x_1_2 45
12 cz 46 55
12 t 47
12 cz 48 57
12 y_1_2 49
12 y_1_2 52
12 y_1_2 56
12 t 58
12 cz 59 64
12 y_1_2 60
12 cz 61 66
12 t 62
12 x_1_2 68
12 x_1_2 69
13 t 0
13 y_1_2 1
13 cz 2 3
13 x_1_2 4
13 y_1_2 6
13 x_1_2 8
13 cz 9 10
13 y_1_2 13
13 cz 14 15
13 y_1_2 17
13 cz 18 19
13 t 20
13 cz 21 22
13 y_1_2 23
13 t 24
13 cz 25 26
13 y_1_2 27
13 t 28
13 y_1_2 29
13 x_1_2 31
13 t 32
13 cz 33 34
13 y_1_2 35
13 t 36
13 cz 37 38
13 x_1_2 39
13 t 40
13 cz 41 42
13 y_1_2 44
13 cz 45 46
13 y_1_2 48
13 t 49
