70
13 x_1_2 51
13 cz 52 53
13 y_1_2 55
13 cz 56 57
13 x_1_2 59
13 t 60
13 cz 61 62
13 cz 64 65
13 x_1_2 66
13 t 68
13 t 69
14 t 1
14 x_1_2 2
14 cz 3 8
14 t 4
14 cz 5 10
14 t 6
14 y_1_2 9
14 cz 12 21
14 t 13
14 cz 14 23
14 x_1_2 15
14 cz 16 25
14 t 17
14 cz 18 27
14 x_1_2 19
14 y_1_2 22
14 y_1_2 26
14 t 29
14 cz 30 40
14 t 31
14 cz 32 42
14 x_1_2 33
14 cz 34 44
14 t 35
14 cz 36 46
14 y_1_2 37
14 cz 38 48
14 t 39
14 x_1_2 41
14 x_1_2 45
14 t 51
14 cz 52 59
14 y_1_2 53
14 cz 54 61
14 t 55
14 cz 56 63
14 y_1_2 57
14 y_1_2 62
14 x_1_2 64
14 cz 65 68
14 t 66
15 t 2
15 cz 3 4
15 y_1_2 5
15 cz 6 7
15 y_1_2 8
15 t 9
15 cz 10 11
15 y_1_2 12
15 x_1_2 14
15 cz 15 16
15 y_1_2 18
15 t 19
15 y_1_2 21
15 cz 22 23
15 x_1_2 25
15 cz 26 27
15 cz 30 31
15 y_1_2 32
15 t 33
15 cz 34 35
15 y_1_2 36
15 t 37
15 cz 38 39
15 y_1_2 40
15 t 41
15 cz 42 43
15 y_1_2 44
15 t 45
15 cz 46 47
15 y_1_2 48
15 x_1_2 52
15 cz 53 54
15 y_1_2 56
15 t 57
15 cz 58 59
15 y_1_2 61
15 cz 62 63
15 t 64
15 cz 65 66
15 x_1_2 68
16 cz 0 3
16 x_1_2 4
16 t 5
16 y_1_2 6
16 cz 7 14
16 t 8
16 cz 9 16
16 y_1_2 10
