70
28 cz 23 33
28 y_1_2 24
28 cz 25 35
28 t 26
28 cz 27 37
28 y_1_2 28
28 cz 29 39
28 y_1_2 32
28 y_1_2 36
28 y_1_2 40
28 y_1_2 41
28 cz 42 51
28 t 43
28 cz 44 53
28 y_1_2 45
28 cz 46 55
28 t 47
28 cz 48 57
28 y_1_2 49
28 x_1_2 52
28 x_1_2 56
28 t 58
28 cz 59 64
28 y_1_2 60
28 cz 61 66
28 t 62
28 x_1_2 68
28 y_1_2 69
29 t 0
29 y_1_2 1
29 cz 2 3
29 x_1_2 4
29 x_1_2 6
29 x_1_2 8
29 cz 9 10
29 y_1_2 13
29 cz 14 15
29 y_1_2 17
29 cz 18 19
29 t 20
29 cz 21 22
29 y_1_2 23
29 t 24
29 cz 25 26
29 x_1_2 27
29 t 28
29 y_1_2 29
29 y_1_2 31
29 t 32
29 cz 33 34
29 y_1_2 35
29 t 36
29 cz 37 38
29 x_1_2 39
29 t 40
29 cz 41 42
29 y_1_2 44
29 cz 45 46
29 y_1_2 48
29 t 49
29 y_1_2 51
29 cz 52 53
29 x_1_2 55
29 cz 56 57
29 y_1_2 59
29 t 60
29 cz 61 62
29 cz 64 65
29 x_1_2 66
29 t 68
29 t 69
30 t 1
30 x_1_2 2
30 cz 3 8
30 t 4
30 cz 5 10
30 t 6
30 x_1_2 9
30 cz 12 21
30 t 13
30 cz 14 23
30 x_1_2 15
30 cz 16 25
30 t 17
30 cz 18 27
30 y_1_2 19
30 y_1_2 22
30 y_1_2 26
30 t 29
30 cz 30 40
30 t 31
30 cz 32 42
30 x_1_2 33
30 cz 34 44
30 t 35
30 cz 36 46
30 x_1_2 37
30 cz 38 48
30 t 39
30 y_1_2 41
