70
33 x_1_2 11
33 cz 12 13
33 x_1_2 14
33 t 15
33 cz 16 17
33 x_1_2 18
33 y_1_2 20
33 x_1_2 22
33 cz 23 24
33 x_1_2 26
33 cz 27 28
33 x_1_2 30
33 cz 31 32
33 x_1_2 34
33 cz 35 36
33 x_1_2 38
33 t 39
33 x_1_2 41
33 t 42
33 cz 43 44
33 y_1_2 45
33 t 46
33 cz 47 48
33 cz 50 51
33 y_1_2 52
33 t 53
33 cz 54 55
33 y_1_2 56
33 t 58
33 cz 59 60
33 y_1_2 62
33 t 63
33 x_1_2 65
33 cz 66 67
34 t 0
34 cz 2 7
34 t 3
34 cz 4 9
34 x_1_2 5
34 y_1_2 8
34 t 11
34 y_1_2 12
34 cz 13 22
34 t 14
34 cz 15 24
34 x_1_2 16
34 cz 17 26
34 t 18
34 cz 19 28
34 t 20
34 x_1_2 23
34 x_1_2 27
34 t 30
34 cz 31 41
34 y_1_2 32
34 cz 33 43
34 t 34
34 cz 35 45
34 y_1_2 36
34 cz 37 47
34 t 38
34 cz 39 49
34 x_1_2 44
34 y_1_2 48
34 y_1_2 50
34 cz 51 58
34 t 52
34 cz 53 60
34 y_1_2 54
34 cz 55 62
34 t 56
34 y_1_2 59
34 t 65
34 cz 66 69
34 x_1_2 67
35 cz 0 1
35 y_1_2 2
35 x_1_2 4
35 t 5
35 x_1_2 7
35 cz 8 9
35 t 12
35 cz 13 14
35 x_1_2 15
35 t 16
35 cz 17 18
35 x_1_2 19
35 cz 20 21
35 x_1_2 22
35 t 23
35 cz 24 25
35 x_1_2 26
35 t 27
35 cz 28 29
35 x_1_2 31
35 cz 32 33
35 x_1_2 35
35 cz 36 37
35 x_1_2 39
35 cz 40 41
