70
1 t 38
1 t 39
1 t 40
1 t 41
1 t 42
1 cz 43 44
1 t 45
1 t 46
1 cz 47 48
1 t 49
1 cz 50 51
1 t 52
1 t 53
1 cz 54 55
1 t 56
1 t 57
1 t 58
1 cz 59 60
1 t 61
1 t 62
1 t 63
1 t 64
1 t 65
1 cz 66 67
1 t 68
1 t 69
2 cz 2 7
2 cz 4 9
2 y_1_2 5
2 y_1_2 8
2 x_1_2 12
2 cz 13 22
2 cz 15 24
2 x_1_2 16
2 cz 17 26
2 cz 19 28
2 x_1_2 23
2 y_1_2 27
2 cz 31 41
2 x_1_2 32
2 cz 33 43
2 cz 35 45
2 y_1_2 36
2 cz 37 47
2 cz 39 49
2 x_1_2 44
2 y_1_2 48
2 x_1_2 50
2 cz 51 58
2 cz 53 60
2 y_1_2 54
2 cz 55 62
2 y_1_2 59
2 cz 66 69
2 x_1_2 67
3 cz 0 1
3 y_1_2 2
3 y_1_2 4
3 t 5
3 x_1_2 7
3 cz 8 9
3 t 12
3 cz 13 14
3 y_1_2 15
3 t 16
3 cz 17 18
3 y_1_2 19
3 cz 20 21
3 x_1_2 22
3 t 23
3 cz 24 25
3 y_1_2 26
3 t 27
3 cz 28 29
3 y_1_2 31
3 cz 32 33
3 y_1_2 35
3 cz 36 37
3 x_1_2 39
3 cz 40 41
3 x_1_2 43
3 cz 44 45
3 y_1_2 47
3 cz 48 49
3 t 50
3 cz 51 52
3 y_1_2 53
3 t 54
3 cz 55 56
3 x_1_2 58
3 t 59
3 cz 60 61
3 x_1_2 62
3 x_1_2 66
3 t 67
3 cz 68 69
4 y_1_2 0
4 cz 1 4
4 t 2
4 cz 6 13
