70
35 x_1_2 43
35 cz 44 45
35 x_1_2 47
35 cz 48 49
35 t 50
35 cz 51 52
35 x_1_2 53
35 t 54
35 cz 55 56
35 x_1_2 58
35 t 59
35 cz 60 61
35 y_1_2 62
35 y_1_2 66
35 t 67
35 cz 68 69
36 x_1_2 0
36 cz 1 4
36 t 2
36 cz 6 13
36 t 7
36 cz 8 15
36 x_1_2 9
36 cz 10 17
36 y_1_2 14
36 x_1_2 18
36 t 19
36 x_1_2 20
36 cz 21 31
36 t 22
36 cz 23 33
36 x_1_2 24
36 cz 25 35
36 t 26
36 cz 27 37
36 y_1_2 28
36 cz 29 39
36 x_1_2 32
36 x_1_2 36
36 x_1_2 40
36 y_1_2 41
36 cz 42 51
36 t 43
36 cz 44 53
36 y_1_2 45
36 cz 46 55
36 t 47
36 cz 48 57
36 y_1_2 49
36 y_1_2 52
36 x_1_2 56
36 t 58
36 cz 59 64
36 y_1_2 60
36 cz 61 66
36 t 62
36 y_1_2 68
36 x_1_2 69
37 t 0
37 x_1_2 1
37 cz 2 3
37 y_1_2 4
37 x_1_2 6
37 y_1_2 8
37 cz 9 10
37 y_1_2 13
37 cz 14 15
37 x_1_2 17
37 cz 18 19
37 t 20
37 cz 21 22
37 x_1_2 23
37 t 24
37 cz 25 26
37 x_1_2 27
37 t 28
37 y_1_2 29
37 x_1_2 31
37 t 32
37 cz 33 34
37 x_1_2 35
37 t 36
37 cz 37 38
37 y_1_2 39
37 t 40
37 cz 41 42
37 x_1_2 44
37 cz 45 46
37 y_1_2 48
37 t 49
37 x_1_2 51
37 cz 52 53
37 y_1_2 55
37 cz 56 57
37 x_1_2 59
37 t 60
37 cz 61 62
37 cz 64 65
37 y_1_2 66
37 t 68
