70
18 t 38
18 cz 39 49
18 y_1_2 44
18 x_1_2 48
18 y_1_2 50
18 cz 51 58
18 t 52
18 cz 53 60
18 y_1_2 54
18 cz 55 62
18 t 56
18 x_1_2 59
18 t 65
18 cz 66 69
18 x_1_2 67
19 cz 0 1
19 x_1_2 2
19 y_1_2 4
19 t 5
19 x_1_2 7
19 cz 8 9
19 t 12
19 cz 13 14
19 y_1_2 15
19 t 16
19 cz 17 18
19 x_1_2 19
19 cz 20 21
19 x_1_2 22
19 t 23
19 cz 24 25
19 y_1_2 26
19 t 27
19 cz 28 29
19 y_1_2 31
19 cz 32 33
19 x_1_2 35
19 cz 36 37
19 x_1_2 39
19 cz 40 41
19 x_1_2 43
19 cz 44 45
19 y_1_2 47
19 cz 48 49
19 t 50
19 cz 51 52
19 y_1_2 53
19 t 54
19 cz 55 56
19 x_1_2 58
19 t 59
19 cz 60 61
19 y_1_2 62
19 y_1_2 66
19 t 67
19 cz 68 69
20 x_1_2 0
20 cz 1 4
20 t 2
20 cz 6 13
20 t 7
20 cz 8 15
20 x_1_2 9
20 cz 10 17
20 x_1_2 14
20 y_1_2 18
20 t 19
20 y_1_2 20
20 cz 21 31
20 t 22
20 cz 23 33
20 y_1_2 24
20 cz 25 35
20 t 26
20 cz 27 37
20 y_1_2 28
20 cz 29 39
20 y_1_2 32
20 y_1_2 36
20 y_1_2 40
20 x_1_2 41
20 cz 42 51
20 t 43
20 cz 44 53
20 y_1_2 45
20 cz 46 55
20 t 47
20 cz 48 57
20 x_1_2 49
20 x_1_2 52
20 y_1_2 56
20 t 58
20 cz 59 64
20 x_1_2 60
20 cz 61 66
20 t 62
20 x_1_2 68
20 x_1_2 69
21 t 0
21 y_1_2 1
