70
21 cz 2 3
21 x_1_2 4
21 y_1_2 6
21 y_1_2 8
21 cz 9 10
21 x_1_2 13
21 cz 14 15
21 x_1_2 17
21 cz 18 19
21 t 20
21 cz 21 22
21 y_1_2 23
21 t 24
21 cz 25 26
21 x_1_2 27
21 t 28
21 x_1_2 29
21 x_1_2 31
21 t 32
21 cz 33 34
21 y_1_2 35
21 t 36
21 cz 37 38
21 x_1_2 39
21 t 40
21 cz 41 42
21 y_1_2 44
21 cz 45 46
21 x_1_2 48
21 t 49
21 x_1_2 51
21 cz 52 53
21 x_1_2 55
21 cz 56 57
21 y_1_2 59
21 t 60
21 cz 61 62
21 cz 64 65
21 y_1_2 66
21 t 68
21 t 69
22 t 1
22 x_1_2 2
22 cz 3 8
22 t 4
22 cz 5 10
22 t 6
22 y_1_2 9
22 cz 12 21
22 t 13
22 cz 14 23
22 y_1_2 15
22 cz 16 25
22 t 17
22 cz 18 27
22 y_1_2 19
22 x_1_2 22
22 x_1_2 26
22 t 29
22 cz 30 40
22 t 31
22 cz 32 42
22 x_1_2 33
22 cz 34 44
22 t 35
22 cz 36 46
22 y_1_2 37
22 cz 38 48
22 t 39
22 x_1_2 41
22 x_1_2 45
22 t 51
22 cz 52 59
22 x_1_2 53
22 cz 54 61
22 t 55
22 cz 56 63
22 y_1_2 57
22 y_1_2 62
22 x_1_2 64
22 cz 65 68
22 t 66
23 t 2
23 cz 3 4
23 x_1_2 5
23 cz 6 7
23 y_1_2 8
23 t 9
23 cz 10 11
23 y_1_2 12
23 y_1_2 14
23 cz 15 16
23 x_1_2 18
23 t 19
23 x_1_2 21
23 cz 22 23
23 y_1_2 25
23 cz 26 27
23 cz 30 31
23 x_1_2 32
