70
16 cz 11 18
16 t 12
16 y_1_2 15
16 cz 20 30
16 t 21
16 cz 22 32
16 y_1_2 23
16 cz 24 34
16 t 25
16 cz 26 36
16 y_1_2 27
16 cz 28 38
16 y_1_2 31
16 x_1_2 35
16 y_1_2 39
16 t 40
16 cz 41 50
16 y_1_2 42
16 cz 43 52
16 t 44
16 cz 45 54
16 x_1_2 46
16 cz 47 56
16 t 48
16 x_1_2 53
16 x_1_2 58
16 y_1_2 59
16 cz 60 65
16 t 61
16 cz 62 67
16 x_1_2 63
16 x_1_2 66
16 t 68
17 y_1_2 0
17 x_1_2 3
17 cz 4 5
17 t 6
17 cz 7 8
17 x_1_2 9
17 t 10
17 x_1_2 11
17 cz 12 13
17 x_1_2 14
17 t 15
17 cz 16 17
17 x_1_2 18
17 y_1_2 20
17 y_1_2 22
17 cz 23 24
17 x_1_2 26
17 cz 27 28
17 y_1_2 30
17 cz 31 32
17 x_1_2 34
17 cz 35 36
17 x_1_2 38
17 t 39
17 x_1_2 41
17 t 42
17 cz 43 44
17 y_1_2 45
17 t 46
17 cz 47 48
17 cz 50 51
17 y_1_2 52
17 t 53
17 cz 54 55
17 x_1_2 56
17 t 58
17 cz 59 60
17 x_1_2 62
17 t 63
17 x_1_2 65
17 cz 66 67
18 t 0
18 cz 2 7
18 t 3
18 cz 4 9
18 x_1_2 5
18 y_1_2 8
18 t 11
18 y_1_2 12
18 cz 13 22
18 t 14
18 cz 15 24
18 x_1_2 16
18 cz 17 26
18 t 18
18 cz 19 28
18 t 20
18 x_1_2 23
18 x_1_2 27
18 t 30
18 cz 31 41
18 x_1_2 32
18 cz 33 43
18 t 34
18 cz 35 45
18 y_1_2 36
18 cz 37 47
