70
8 y_1_2 63
8 y_1_2 66
8 t 68
9 y_1_2 0
9 x_1_2 3
9 cz 4 5
9 t 6
9 cz 7 8
9 x_1_2 9
9 t 10
9 y_1_2 11
9 cz 12 13
9 x_1_2 14
9 t 15
9 cz 16 17
9 y_1_2 18
9 y_1_2 20
9 x_1_2 22
9 cz 23 24
9 y_1_2 26
9 cz 27 28
9 x_1_2 30
9 cz 31 32
9 y_1_2 34
9 cz 35 36
9 x_1_2 38
9 t 39
9 y_1_2 41
9 t 42
9 cz 43 44
9 y_1_2 45
9 t 46
9 cz 47 48
9 cz 50 51
9 x_1_2 52
9 t 53
9 cz 54 55
9 x_1_2 56
9 t 58
9 cz 59 60
9 y_1_2 62
9 t 63
9 y_1_2 65
9 cz 66 67
10 t 0
10 cz 2 7
10 t 3
10 cz 4 9
10 x_1_2 5
10 x_1_2 8
10 t 11
10 y_1_2 12
10 cz 13 22
10 t 14
10 cz 15 24
10 x_1_2 16
10 cz 17 26
10 t 18
10 cz 19 28
10 t 20
10 x_1_2 23
10 x_1_2 27
10 t 30
10 cz 31 41
10 x_1_2 32
10 cz 33 43
10 t 34
10 cz 35 45
10 y_1_2 36
10 cz 37 47
10 t 38
10 cz 39 49
10 x_1_2 44
10 x_1_2 48
10 y_1_2 50
10 cz 51 58
10 t 52
10 cz 53 60
10 x_1_2 54
10 cz 55 62
10 t 56
10 y_1_2 59
10 t 65
10 cz 66 69
10 y_1_2 67
11 cz 0 1
11 x_1_2 2
11 x_1_2 4
11 t 5
11 y_1_2 7
11 cz 8 9
11 t 12
11 cz 13 14
11 x_1_2 15
11 t 16
11 cz 17 18
11 x_1_2 19
11 cz 20 21
11 x_1_2 22
11 t 23
