70
23 t 33
23 cz 34 35
23 x_1_2 36
23 t 37
23 cz 38 39
23 x_1_2 40
23 t 41
23 cz 42 43
23 y_1_2 44
23 t 45
23 cz 46 47
23 y_1_2 48
23 y_1_2 52
23 cz 53 54
23 x_1_2 56
23 t 57
23 cz 58 59
23 x_1_2 61
23 cz 62 63
23 t 64
23 cz 65 66
23 x_1_2 68
24 cz 0 3
24 y_1_2 4
24 t 5
24 y_1_2 6
24 cz 7 14
24 t 8
24 cz 9 16
24 y_1_2 10
24 cz 11 18
24 t 12
24 y_1_2 15
24 cz 20 30
24 t 21
24 cz 22 32
24 y_1_2 23
24 cz 24 34
24 t 25
24 cz 26 36
24 y_1_2 27
24 cz 28 38
24 x_1_2 31
24 x_1_2 35
24 y_1_2 39
24 t 40
24 cz 41 50
24 y_1_2 42
24 cz 43 52
24 t 44
24 cz 45 54
24 y_1_2 46
24 cz 47 56
24 t 48
24 y_1_2 53
24 y_1_2 58
24 y_1_2 59
24 cz 60 65
24 t 61
24 cz 62 67
24 x_1_2 63
24 x_1_2 66
24 t 68
25 x_1_2 0
25 y_1_2 3
25 cz 4 5
25 t 6
25 cz 7 8
25 y_1_2 9
25 t 10
25 x_1_2 11
25 cz 12 13
25 y_1_2 14
25 t 15
25 cz 16 17
25 x_1_2 18
25 y_1_2 20
25 y_1_2 22
25 cz 23 24
25 x_1_2 26
25 cz 27 28
25 y_1_2 30
25 cz 31 32
25 y_1_2 34
25 cz 35 36
25 x_1_2 38
25 t 39
25 x_1_2 41
25 t 42
25 cz 43 44
25 x_1_2 45
25 t 46
25 cz 47 48
25 cz 50 51
25 y_1_2 52
25 t 53
25 cz 54 55
25 y_1_2 56
25 t 58
25 cz 59 60
