70
25 x_1_2 62
25 t 63
25 y_1_2 65
25 cz 66 67
26 t 0
26 cz 2 7
26 t 3
26 cz 4 9
26 x_1_2 5
26 x_1_2 8
26 t 11
26 y_1_2 12
26 cz 13 22
26 t 14
26 cz 15 24
26 y_1_2 16
26 cz 17 26
26 t 18
26 cz 19 28
26 t 20
26 x_1_2 23
26 y_1_2 27
26 t 30
26 cz 31 41
26 x_1_2 32
26 cz 33 43
26 t 34
26 cz 35 45
26 y_1_2 36
26 cz 37 47
26 t 38
26 cz 39 49
26 x_1_2 44
26 y_1_2 48
26 y_1_2 50
26 cz 51 58
26 t 52
26 cz 53 60
26 y_1_2 54
26 cz 55 62
26 t 56
26 y_1_2 59
26 t 65
26 cz 66 69
26 y_1_2 67
27 cz 0 1
27 x_1_2 2
27 y_1_2 4
27 t 5
27 y_1_2 7
27 cz 8 9
27 t 12
27 cz 13 14
27 y_1_2 15
27 t 16
27 cz 17 18
27 x_1_2 19
27 cz 20 21
27 y_1_2 22
27 t 23
27 cz 24 25
27 y_1_2 26
27 t 27
27 cz 28 29
27 x_1_2 31
27 cz 32 33
27 y_1_2 35
27 cz 36 37
27 y_1_2 39
27 cz 40 41
27 y_1_2 43
27 cz 44 45
27 x_1_2 47
27 cz 48 49
27 t 50
27 cz 51 52
27 y_1_2 53
27 t 54
27 cz 55 56
27 x_1_2 58
27 t 59
27 cz 60 61
27 y_1_2 62
27 y_1_2 66
27 t 67
27 cz 68 69
28 x_1_2 0
28 cz 1 4
28 t 2
28 cz 6 13
28 t 7
28 cz 8 15
28 y_1_2 9
28 cz 10 17
28 y_1_2 14
28 x_1_2 18
28 t 19
28 y_1_2 20
28 cz 21 31
28 t 22
