49
16 cz 31 38
16 cz 18 25
16 cz 5 12
16 cz 33 40
16 cz 20 27
16 y_1_2 4
16 y_1_2 9
16 y_1_2 13
16 t 15
16 y_1_2 17
16 t 19
16 y_1_2 22
16 y_1_2 26
16 t 28
16 t 30
16 x_1_2 32
16 t 34
16 y_1_2 37
16 x_1_2 41
16 t 43
16 x_1_2 45
16 x_1_2 46
16 t 47
17 cz 0 1
17 cz 4 5
17 cz 9 10
17 cz 14 15
17 cz 18 19
17 cz 23 24
17 cz 28 29
17 cz 32 33
17 cz 37 38
17 cz 42 43
17 cz 46 47
17 x_1_2 3
17 x_1_2 8
17 y_1_2 12
17 t 13
17 y_1_2 16
17 t 17
17 x_1_2 20
17 y_1_2 21
17 t 22
17 y_1_2 25
17 t 26
17 y_1_2 27
17 x_1_2 31
17 x_1_2 36
17 x_1_2 40
17 t 41
17 t 45
18 cz 7 14
18 cz 35 42
18 cz 22 29
18 cz 9 16
18 cz 37 44
18 cz 24 31
18 cz 11 18
18 cz 39 46
18 cz 26 33
18 cz 13 20
18 cz 41 48
18 x_1_2 0
18 x_1_2 1
18 t 3
18 y_1_2 4
18 y_1_2 5
18 t 8
18 y_1_2 10
18 t 12
18 x_1_2 15
18 y_1_2 19
18 t 21
18 y_1_2 23
18 t 25
18 t 27
18 x_1_2 28
18 y_1_2 32
18 t 36
18 y_1_2 38
18 t 40
18 y_1_2 43
18 y_1_2 47
19 cz 1 2
19 cz 5 6
19 cz 10 11
19 cz 15 16
19 cz 19 20
19 cz 24 25
19 cz 29 30
19 cz 33 34
19 cz 38 39
19 cz 43 44
19 cz 47 48
19 t 0
19 t 4
19 x_1_2 7
19 x_1_2 9
19 y_1_2 13
19 x_1_2 14
