49
5 t 47
5 t 48
6 cz 21 28
6 cz 8 15
6 cz 36 43
6 cz 23 30
6 cz 10 17
6 cz 38 45
6 cz 25 32
6 cz 12 19
6 cz 40 47
6 cz 27 34
6 t 0
6 x_1_2 2
6 x_1_2 3
6 t 4
6 t 6
6 y_1_2 7
6 t 9
6 x_1_2 11
6 t 13
6 x_1_2 16
6 x_1_2 22
6 t 24
6 y_1_2 26
6 x_1_2 31
6 x_1_2 35
6 t 37
6 y_1_2 39
6 t 41
6 x_1_2 44
7 cz 3 4
7 cz 8 9
7 cz 12 13
7 cz 17 18
7 cz 22 23
7 cz 26 27
7 cz 31 32
7 cz 36 37
7 cz 40 41
7 cz 45 46
7 t 2
7 t 7
7 y_1_2 10
7 t 11
7 y_1_2 15
7 t 16
7 x_1_2 19
7 x_1_2 21
7 x_1_2 25
7 y_1_2 28
7 y_1_2 30
7 x_1_2 34
7 t 35
7 x_1_2 38
7 t 39
7 x_1_2 43
7 t 44
7 x_1_2 47
8 cz 14 21
8 cz 1 8
8 cz 29 36
8 cz 16 23
8 cz 3 10
8 cz 31 38
8 cz 18 25
8 cz 5 12
8 cz 33 40
8 cz 20 27
8 x_1_2 4
8 y_1_2 9
8 y_1_2 13
8 t 15
8 y_1_2 17
8 t 19
8 y_1_2 22
8 y_1_2 26
8 t 28
8 t 30
8 x_1_2 32
8 t 34
8 x_1_2 37
8 y_1_2 41
8 t 43
8 y_1_2 45
8 x_1_2 46
8 t 47
9 cz 0 1
9 cz 4 5
9 cz 9 10
9 cz 14 15
9 cz 18 19
9 cz 23 24
9 cz 28 29
9 cz 32 33
9 cz 37 38
9 cz 42 43
9 cz 46 47
9 y_1_2 3
9 y_1_2 8
