49
46 t 13
46 y_1_2 16
46 x_1_2 22
46 t 24
46 y_1_2 26
46 y_1_2 31
46 y_1_2 35
46 t 37
46 y_1_2 39
46 t 41
46 x_1_2 44
47 cz 3 4
47 cz 8 9
47 cz 12 13
47 cz 17 18
47 cz 22 23
47 cz 26 27
47 cz 31 32
47 cz 36 37
47 cz 40 41
47 cz 45 46
47 t 2
47 t 7
47 x_1_2 10
47 t 11
47 x_1_2 15
47 t 16
47 x_1_2 19
47 y_1_2 21
47 y_1_2 25
47 x_1_2 28
47 y_1_2 30
47 y_1_2 34
47 t 35
47 y_1_2 38
47 t 39
47 x_1_2 43
47 t 44
47 x_1_2 47
48 cz 14 21
48 cz 1 8
48 cz 29 36
48 cz 16 23
48 cz 3 10
48 cz 31 38
48 cz 18 25
48 cz 5 12
48 cz 33 40
48 cz 20 27
48 x_1_2 4
48 x_1_2 9
48 y_1_2 13
48 t 15
48 x_1_2 17
48 t 19
48 y_1_2 22
48 x_1_2 26
48 t 28
48 t 30
48 x_1_2 32
48 t 34
48 y_1_2 37
48 y_1_2 41
48 t 43
48 x_1_2 45
48 x_1_2 46
48 t 47
49 cz 0 1
49 cz 4 5
49 cz 9 10
49 cz 14 15
49 cz 18 19
49 cz 23 24
49 cz 28 29
49 cz 32 33
49 cz 37 38
49 cz 42 43
49 cz 46 47
49 y_1_2 3
49 x_1_2 8
49 x_1_2 12
49 t 13
49 x_1_2 16
49 t 17
49 y_1_2 20
49 y_1_2 21
49 t 22
49 y_1_2 25
49 t 26
49 x_1_2 27
49 x_1_2 31
49 x_1_2 36
49 y_1_2 40
49 t 41
49 t 45
50 cz 7 14
50 cz 35 42
50 cz 22 29
50 cz 9 16
50 cz 37 44
