49
33 cz 23 24
33 cz 28 29
33 cz 32 33
33 cz 37 38
33 cz 42 43
33 cz 46 47
33 x_1_2 3
33 x_1_2 8
33 y_1_2 12
33 t 13
33 x_1_2 16
33 t 17
33 x_1_2 20
33 x_1_2 21
33 t 22
33 y_1_2 25
33 t 26
33 y_1_2 27
33 y_1_2 31
33 y_1_2 36
33 y_1_2 40
33 t 41
33 t 45
34 cz 7 14
34 cz 35 42
34 cz 22 29
34 cz 9 16
34 cz 37 44
34 cz 24 31
34 cz 11 18
34 cz 39 46
34 cz 26 33
34 cz 13 20
34 cz 41 48
34 y_1_2 0
34 y_1_2 1
34 t 3
34 y_1_2 4
34 y_1_2 5
34 t 8
34 y_1_2 10
34 t 12
34 y_1_2 15
34 y_1_2 19
34 t 21
34 x_1_2 23
34 t 25
34 t 27
34 y_1_2 28
34 y_1_2 32
34 t 36
34 y_1_2 38
34 t 40
34 x_1_2 43
34 y_1_2 47
35 cz 1 2
35 cz 5 6
35 cz 10 11
35 cz 15 16
35 cz 19 20
35 cz 24 25
35 cz 29 30
35 cz 33 34
35 cz 38 39
35 cz 43 44
35 cz 47 48
35 t 0
35 t 4
35 x_1_2 7
35 y_1_2 9
35 y_1_2 13
35 y_1_2 14
35 y_1_2 18
35 x_1_2 22
35 t 23
35 x_1_2 26
35 t 28
35 y_1_2 31
35 t 32
35 x_1_2 35
35 x_1_2 37
35 y_1_2 41
35 y_1_2 42
35 x_1_2 46
36 cz 0 7
36 cz 28 35
36 cz 15 22
36 cz 2 9
36 cz 30 37
36 cz 17 24
36 cz 4 11
36 cz 32 39
36 cz 19 26
36 cz 6 13
36 cz 34 41
36 x_1_2 1
36 y_1_2 5
36 x_1_2 10
36 t 14
36 y_1_2 16
