49
56 x_1_2 45
56 x_1_2 46
56 t 47
57 cz 0 1
57 cz 4 5
57 cz 9 10
57 cz 14 15
57 cz 18 19
57 cz 23 24
57 cz 28 29
57 cz 32 33
57 cz 37 38
57 cz 42 43
57 cz 46 47
57 x_1_2 3
57 y_1_2 8
57 x_1_2 12
57 t 13
57 x_1_2 16
57 t 17
57 x_1_2 20
57 y_1_2 21
57 t 22
57 x_1_2 25
57 t 26
57 y_1_2 27
57 x_1_2 31
57 x_1_2 36
57 y_1_2 40
57 t 41
57 t 45
58 cz 7 14
58 cz 35 42
58 cz 22 29
58 cz 9 16
58 cz 37 44
58 cz 24 31
58 cz 11 18
58 cz 39 46
58 cz 26 33
58 cz 13 20
58 cz 41 48
58 x_1_2 0
58 x_1_2 1
58 t 3
58 y_1_2 4
58 y_1_2 5
58 t 8
58 y_1_2 10
58 t 12
58 x_1_2 15
58 y_1_2 19
58 t 21
58 y_1_2 23
58 t 25
58 t 27
58 x_1_2 28
58 x_1_2 32
58 t 36
58 y_1_2 38
58 t 40
58 y_1_2 43
58 x_1_2 47
59 cz 1 2
59 cz 5 6
59 cz 10 11
59 cz 15 16
59 cz 19 20
59 cz 24 25
59 cz 29 30
59 cz 33 34
59 cz 38 39
59 cz 43 44
59 cz 47 48
59 t 0
59 t 4
59 y_1_2 7
59 y_1_2 9
59 y_1_2 13
59 y_1_2 14
59 y_1_2 18
59 x_1_2 22
59 t 23
59 x_1_2 26
59 t 28
59 x_1_2 31
59 t 32
59 y_1_2 35
59 x_1_2 37
59 y_1_2 41
59 x_1_2 42
59 x_1_2 46
60 cz 0 7
60 cz 28 35
60 cz 15 22
60 cz 2 9
60 cz 30 37
60 cz 17 24
60 cz 4 11
60 cz 32 39
