49
73 x_1_2 40
73 t 41
73 t 45
74 cz 7 14
74 cz 35 42
74 cz 22 29
74 cz 9 16
74 cz 37 44
74 cz 24 31
74 cz 11 18
74 cz 39 46
74 cz 26 33
74 cz 13 20
74 cz 41 48
74 y_1_2 0
74 x_1_2 1
74 t 3
74 x_1_2 4
74 y_1_2 5
74 t 8
74 y_1_2 10
74 t 12
74 x_1_2 15
74 y_1_2 19
74 t 21
74 y_1_2 23
74 t 25
74 t 27
74 x_1_2 28
74 x_1_2 32
74 t 36
74 x_1_2 38
74 t 40
74 x_1_2 43
74 x_1_2 47
75 cz 1 2
75 cz 5 6
75 cz 10 11
75 cz 15 16
75 cz 19 20
75 cz 24 25
75 cz 29 30
75 cz 33 34
75 cz 38 39
75 cz 43 44
75 cz 47 48
75 t 0
75 t 4
75 y_1_2 7
75 y_1_2 9
75 x_1_2 13
75 x_1_2 14
75 x_1_2 18
75 y_1_2 22
75 t 23
75 x_1_2 26
75 t 28
75 x_1_2 31
75 t 32
75 x_1_2 35
75 y_1_2 37
75 y_1_2 41
75 x_1_2 42
75 x_1_2 46
76 cz 0 7
76 cz 28 35
76 cz 15 22
76 cz 2 9
76 cz 30 37
76 cz 17 24
76 cz 4 11
76 cz 32 39
76 cz 19 26
76 cz 6 13
76 cz 34 41
76 x_1_2 1
76 y_1_2 5
76 y_1_2 10
76 t 14
76 x_1_2 16
76 t 18
76 x_1_2 20
76 y_1_2 25
76 x_1_2 29
76 t 31
76 x_1_2 33
76 x_1_2 38
76 t 42
76 y_1_2 43
76 x_1_2 44
76 t 46
76 y_1_2 47
76 x_1_2 48
77 h 0
77 h 1
77 h 2
77 h 3
77 h 4
77 h 5
77 h 6
