49
60 cz 19 26
60 cz 6 13
60 cz 34 41
60 y_1_2 1
60 x_1_2 5
60 x_1_2 10
60 t 14
60 y_1_2 16
60 t 18
60 y_1_2 20
60 x_1_2 25
60 y_1_2 29
60 t 31
60 y_1_2 33
60 y_1_2 38
60 t 42
60 x_1_2 43
60 x_1_2 44
60 t 46
60 x_1_2 47
60 x_1_2 48
61 cz 2 3
61 cz 7 8
61 cz 11 12
61 cz 16 17
61 cz 21 22
61 cz 25 26
61 cz 30 31
61 cz 35 36
61 cz 39 40
61 cz 44 45
61 y_1_2 0
61 t 1
61 x_1_2 4
61 t 5
61 y_1_2 6
61 y_1_2 9
61 t 10
61 y_1_2 13
61 y_1_2 15
61 y_1_2 19
61 t 20
61 x_1_2 24
61 y_1_2 28
61 t 29
61 x_1_2 32
61 t 33
61 y_1_2 34
61 y_1_2 37
61 t 38
61 y_1_2 41
61 t 43
61 t 47
61 t 48
62 cz 21 28
62 cz 8 15
62 cz 36 43
62 cz 23 30
62 cz 10 17
62 cz 38 45
62 cz 25 32
62 cz 12 19
62 cz 40 47
62 cz 27 34
62 t 0
62 x_1_2 2
62 x_1_2 3
62 t 4
62 t 6
62 y_1_2 7
62 t 9
62 x_1_2 11
62 t 13
62 x_1_2 16
62 y_1_2 22
62 t 24
62 x_1_2 26
62 y_1_2 31
62 x_1_2 35
62 t 37
62 x_1_2 39
62 t 41
62 x_1_2 44
63 cz 3 4
63 cz 8 9
63 cz 12 13
63 cz 17 18
63 cz 22 23
63 cz 26 27
63 cz 31 32
63 cz 36 37
63 cz 40 41
63 cz 45 46
63 t 2
63 t 7
63 y_1_2 10
63 t 11
63 y_1_2 15
63 t 16
63 x_1_2 19
