49
12 x_1_2 43
12 x_1_2 44
12 t 46
12 x_1_2 47
12 x_1_2 48
13 cz 2 3
13 cz 7 8
13 cz 11 12
13 cz 16 17
13 cz 21 22
13 cz 25 26
13 cz 30 31
13 cz 35 36
13 cz 39 40
13 cz 44 45
13 y_1_2 0
13 t 1
13 y_1_2 4
13 t 5
13 y_1_2 6
13 x_1_2 9
13 t 10
13 x_1_2 13
13 x_1_2 15
13 x_1_2 19
13 t 20
13 y_1_2 24
13 y_1_2 28
13 t 29
13 x_1_2 32
13 t 33
13 y_1_2 34
13 y_1_2 37
13 t 38
13 y_1_2 41
13 t 43
13 t 47
13 t 48
14 cz 21 28
14 cz 8 15
14 cz 36 43
14 cz 23 30
14 cz 10 17
14 cz 38 45
14 cz 25 32
14 cz 12 19
14 cz 40 47
14 cz 27 34
14 t 0
14 y_1_2 2
14 y_1_2 3
14 t 4
14 t 6
14 x_1_2 7
14 t 9
14 y_1_2 11
14 t 13
14 x_1_2 16
14 x_1_2 22
14 t 24
14 y_1_2 26
14 y_1_2 31
14 x_1_2 35
14 t 37
14 y_1_2 39
14 t 41
14 y_1_2 44
15 cz 3 4
15 cz 8 9
15 cz 12 13
15 cz 17 18
15 cz 22 23
15 cz 26 27
15 cz 31 32
15 cz 36 37
15 cz 40 41
15 cz 45 46
15 t 2
15 t 7
15 y_1_2 10
15 t 11
15 x_1_2 15
15 t 16
15 y_1_2 19
15 x_1_2 21
15 y_1_2 25
15 x_1_2 28
15 y_1_2 30
15 y_1_2 34
15 t 35
15 y_1_2 38
15 t 39
15 x_1_2 43
15 t 44
15 y_1_2 47
16 cz 14 21
16 cz 1 8
16 cz 29 36
16 cz 16 23
16 cz 3 10
