49
50 cz 24 31
50 cz 11 18
50 cz 39 46
50 cz 26 33
50 cz 13 20
50 cz 41 48
50 y_1_2 0
50 y_1_2 1
50 t 3
50 x_1_2 4
50 y_1_2 5
50 t 8
50 x_1_2 10
50 t 12
50 x_1_2 15
50 y_1_2 19
50 t 21
50 x_1_2 23
50 t 25
50 t 27
50 x_1_2 28
50 y_1_2 32
50 t 36
50 y_1_2 38
50 t 40
50 x_1_2 43
50 x_1_2 47
51 cz 1 2
51 cz 5 6
51 cz 10 11
51 cz 15 16
51 cz 19 20
51 cz 24 25
51 cz 29 30
51 cz 33 34
51 cz 38 39
51 cz 43 44
51 cz 47 48
51 t 0
51 t 4
51 y_1_2 7
51 y_1_2 9
51 x_1_2 13
51 x_1_2 14
51 x_1_2 18
51 y_1_2 22
51 t 23
51 x_1_2 26
51 t 28
51 x_1_2 31
51 t 32
51 x_1_2 35
51 x_1_2 37
51 x_1_2 41
51 x_1_2 42
51 x_1_2 46
52 cz 0 7
52 cz 28 35
52 cz 15 22
52 cz 2 9
52 cz 30 37
52 cz 17 24
52 cz 4 11
52 cz 32 39
52 cz 19 26
52 cz 6 13
52 cz 34 41
52 x_1_2 1
52 x_1_2 5
52 x_1_2 10
52 t 14
52 x_1_2 16
52 t 18
52 x_1_2 20
52 x_1_2 25
52 x_1_2 29
52 t 31
52 x_1_2 33
52 y_1_2 38
52 t 42
52 x_1_2 43
52 x_1_2 44
52 t 46
52 x_1_2 47
52 x_1_2 48
53 cz 2 3
53 cz 7 8
53 cz 11 12
53 cz 16 17
53 cz 21 22
53 cz 25 26
53 cz 30 31
53 cz 35 36
53 cz 39 40
53 cz 44 45
53 y_1_2 0
53 t 1
53 x_1_2 4
53 t 5
53 x_1_2 6
