49
9 y_1_2 12
9 t 13
9 x_1_2 16
9 t 17
9 x_1_2 20
9 y_1_2 21
9 t 22
9 x_1_2 25
9 t 26
9 x_1_2 27
9 y_1_2 31
9 x_1_2 36
9 x_1_2 40
9 t 41
9 t 45
10 cz 7 14
10 cz 35 42
10 cz 22 29
10 cz 9 16
10 cz 37 44
10 cz 24 31
10 cz 11 18
10 cz 39 46
10 cz 26 33
10 cz 13 20
10 cz 41 48
10 x_1_2 0
10 y_1_2 1
10 t 3
10 x_1_2 4
10 x_1_2 5
10 t 8
10 x_1_2 10
10 t 12
10 y_1_2 15
10 x_1_2 19
10 t 21
10 x_1_2 23
10 t 25
10 t 27
10 y_1_2 28
10 y_1_2 32
10 t 36
10 x_1_2 38
10 t 40
10 x_1_2 43
10 x_1_2 47
11 cz 1 2
11 cz 5 6
11 cz 10 11
11 cz 15 16
11 cz 19 20
11 cz 24 25
11 cz 29 30
11 cz 33 34
11 cz 38 39
11 cz 43 44
11 cz 47 48
11 t 0
11 t 4
11 x_1_2 7
11 x_1_2 9
11 x_1_2 13
11 y_1_2 14
11 x_1_2 18
11 y_1_2 22
11 t 23
11 y_1_2 26
11 t 28
11 y_1_2 31
11 t 32
11 x_1_2 35
11 y_1_2 37
11 x_1_2 41
11 x_1_2 42
11 x_1_2 46
12 cz 0 7
12 cz 28 35
12 cz 15 22
12 cz 2 9
12 cz 30 37
12 cz 17 24
12 cz 4 11
12 cz 32 39
12 cz 19 26
12 cz 6 13
12 cz 34 41
12 y_1_2 1
12 y_1_2 5
12 x_1_2 10
12 t 14
12 x_1_2 16
12 t 18
12 x_1_2 20
12 x_1_2 25
12 x_1_2 29
12 t 31
12 y_1_2 33
12 x_1_2 38
12 t 42
