49
67 cz 5 6
67 cz 10 11
67 cz 15 16
67 cz 19 20
67 cz 24 25
67 cz 29 30
67 cz 33 34
67 cz 38 39
67 cz 43 44
67 cz 47 48
67 t 0
67 t 4
67 x_1_2 7
67 x_1_2 9
67 y_1_2 13
67 y_1_2 14
67 y_1_2 18
67 x_1_2 22
67 t 23
67 y_1_2 26
67 t 28
67 x_1_2 31
67 t 32
67 x_1_2 35
67 x_1_2 37
67 y_1_2 41
67 x_1_2 42
67 y_1_2 46
68 cz 0 7
68 cz 28 35
68 cz 15 22
68 cz 2 9
68 cz 30 37
68 cz 17 24
68 cz 4 11
68 cz 32 39
68 cz 19 26
68 cz 6 13
68 cz 34 41
68 y_1_2 1
68 y_1_2 5
68 y_1_2 10
68 t 14
68 y_1_2 16
68 t 18
68 y_1_2 20
68 y_1_2 25
68 x_1_2 29
68 t 31
68 y_1_2 33
68 y_1_2 38
68 t 42
68 y_1_2 43
68 y_1_2 44
68 t 46
68 y_1_2 47
68 y_1_2 48
69 cz 2 3
69 cz 7 8
69 cz 11 12
69 cz 16 17
69 cz 21 22
69 cz 25 26
69 cz 30 31
69 cz 35 36
69 cz 39 40
69 cz 44 45
69 x_1_2 0
69 t 1
69 y_1_2 4
69 t 5
69 y_1_2 6
69 x_1_2 9
69 t 10
69 x_1_2 13
69 y_1_2 15
69 y_1_2 19
69 t 20
69 x_1_2 24
69 x_1_2 28
69 t 29
69 y_1_2 32
69 t 33
69 y_1_2 34
69 y_1_2 37
69 t 38
69 x_1_2 41
69 t 43
69 t 47
69 t 48
70 cz 21 28
70 cz 8 15
70 cz 36 43
70 cz 23 30
70 cz 10 17
70 cz 38 45
70 cz 25 32
70 cz 12 19
70 cz 40 47
70 cz 27 34
