36
36 y_1_2 1
36 y_1_2 9
36 t 12
36 y_1_2 14
36 t 16
36 y_1_2 22
36 x_1_2 25
36 t 27
36 t 29
36 y_1_2 33
37 cz 2 3
37 cz 6 7
37 cz 10 11
37 cz 14 15
37 cz 18 19
37 cz 22 23
37 cz 26 27
37 cz 30 31
37 cz 34 35
37 x_1_2 0
37 t 1
37 y_1_2 4
37 y_1_2 8
37 t 9
37 y_1_2 13
37 x_1_2 17
37 x_1_2 21
37 x_1_2 24
37 t 25
37 y_1_2 28
37 y_1_2 32
37 t 33
38 cz 18 24
38 cz 7 13
38 cz 20 26
38 cz 9 15
38 cz 22 28
38 cz 11 17
38 t 0
38 y_1_2 2
38 x_1_2 3
38 t 4
38 x_1_2 6
38 t 8
38 y_1_2 10
38 x_1_2 14
38 x_1_2 19
38 t 21
38 x_1_2 23
38 x_1_2 27
38 y_1_2 30
38 y_1_2 31
38 t 32
38 y_1_2 34
38 x_1_2 35
39 cz 3 4
39 cz 7 8
39 cz 15 16
39 cz 19 20
39 cz 27 28
39 cz 31 32
39 t 2
39 t 6
39 y_1_2 9
39 t 10
39 y_1_2 11
39 x_1_2 13
39 t 14
39 x_1_2 17
39 y_1_2 18
39 y_1_2 22
39 t 23
39 y_1_2 24
39 y_1_2 26
39 t 30
39 t 34
39 t 35
40 cz 12 18
40 cz 1 7
40 cz 25 31
40 cz 14 20
40 cz 3 9
40 cz 27 33
40 cz 16 22
40 cz 5 11
40 cz 29 35
40 x_1_2 4
40 x_1_2 8
40 t 13
40 x_1_2 15
40 t 17
40 x_1_2 19
40 t 24
40 t 26
40 y_1_2 28
40 y_1_2 32
41 cz 0 1
41 cz 4 5
41 cz 8 9
41 cz 12 13
