36
22 y_1_2 10
22 x_1_2 14
22 y_1_2 19
22 t 21
22 x_1_2 23
22 y_1_2 27
22 x_1_2 30
22 y_1_2 31
22 t 32
22 x_1_2 34
22 y_1_2 35
23 cz 3 4
23 cz 7 8
23 cz 15 16
23 cz 19 20
23 cz 27 28
23 cz 31 32
23 t 2
23 t 6
23 x_1_2 9
23 t 10
23 x_1_2 11
23 y_1_2 13
23 t 14
23 y_1_2 17
23 y_1_2 18
23 x_1_2 22
23 t 23
23 x_1_2 24
23 x_1_2 26
23 t 30
23 t 34
23 t 35
24 cz 12 18
24 cz 1 7
24 cz 25 31
24 cz 14 20
24 cz 3 9
24 cz 27 33
24 cz 16 22
24 cz 5 11
24 cz 29 35
24 x_1_2 4
24 y_1_2 8
24 t 13
24 y_1_2 15
24 t 17
24 y_1_2 19
24 t 24
24 t 26
24 y_1_2 28
24 x_1_2 32
25 cz 0 1
25 cz 4 5
25 cz 8 9
25 cz 12 13
25 cz 16 17
25 cz 20 21
25 cz 24 25
25 cz 28 29
25 cz 32 33
25 x_1_2 3
25 y_1_2 7
25 x_1_2 11
25 y_1_2 14
25 t 15
25 x_1_2 18
25 t 19
25 x_1_2 22
25 x_1_2 27
25 x_1_2 31
25 y_1_2 35
26 cz 6 12
26 cz 19 25
26 cz 8 14
26 cz 21 27
26 cz 10 16
26 cz 23 29
26 x_1_2 0
26 y_1_2 1
26 t 3
26 x_1_2 4
26 x_1_2 5
26 t 7
26 x_1_2 9
26 t 11
26 y_1_2 13
26 x_1_2 17
26 t 18
26 x_1_2 20
26 t 22
26 x_1_2 24
26 y_1_2 28
26 t 31
26 y_1_2 32
26 x_1_2 33
26 t 35
27 cz 1 2
27 cz 9 10
27 cz 13 14
