36
59 t 20
59 y_1_2 23
59 t 24
59 y_1_2 27
59 t 28
59 y_1_2 29
59 t 32
60 cz 0 6
60 cz 24 30
60 cz 13 19
60 cz 2 8
60 cz 26 32
60 cz 15 21
60 cz 4 10
60 cz 28 34
60 cz 17 23
60 x_1_2 1
60 x_1_2 9
60 t 12
60 y_1_2 14
60 t 16
60 x_1_2 22
60 x_1_2 25
60 t 27
60 t 29
60 y_1_2 33
61 cz 2 3
61 cz 6 7
61 cz 10 11
61 cz 14 15
61 cz 18 19
61 cz 22 23
61 cz 26 27
61 cz 30 31
61 cz 34 35
61 x_1_2 0
61 t 1
61 y_1_2 4
61 y_1_2 8
61 t 9
61 y_1_2 13
61 x_1_2 17
61 x_1_2 21
61 y_1_2 24
61 t 25
61 x_1_2 28
61 x_1_2 32
61 t 33
62 cz 18 24
62 cz 7 13
62 cz 20 26
62 cz 9 15
62 cz 22 28
62 cz 11 17
62 t 0
62 x_1_2 2
62 x_1_2 3
62 t 4
62 x_1_2 6
62 t 8
62 y_1_2 10
62 x_1_2 14
62 y_1_2 19
62 t 21
62 y_1_2 23
62 x_1_2 27
62 y_1_2 30
62 x_1_2 31
62 t 32
62 x_1_2 34
62 y_1_2 35
63 cz 3 4
63 cz 7 8
63 cz 15 16
63 cz 19 20
63 cz 27 28
63 cz 31 32
63 t 2
63 t 6
63 x_1_2 9
63 t 10
63 y_1_2 11
63 x_1_2 13
63 t 14
63 x_1_2 17
63 y_1_2 18
63 y_1_2 22
63 t 23
63 y_1_2 24
63 y_1_2 26
63 t 30
63 t 34
63 t 35
64 cz 12 18
64 cz 1 7
64 cz 25 31
64 cz 14 20
64 cz 3 9
64 cz 27 33
64 cz 16 22
