36
64 cz 5 11
64 cz 29 35
64 x_1_2 4
64 x_1_2 8
64 t 13
64 x_1_2 15
64 t 17
64 y_1_2 19
64 t 24
64 t 26
64 y_1_2 28
64 x_1_2 32
65 cz 0 1
65 cz 4 5
65 cz 8 9
65 cz 12 13
65 cz 16 17
65 cz 20 21
65 cz 24 25
65 cz 28 29
65 cz 32 33
65 x_1_2 3
65 y_1_2 7
65 x_1_2 11
65 x_1_2 14
65 t 15
65 x_1_2 18
65 t 19
65 y_1_2 22
65 x_1_2 27
65 x_1_2 31
65 x_1_2 35
66 cz 6 12
66 cz 19 25
66 cz 8 14
66 cz 21 27
66 cz 10 16
66 cz 23 29
66 y_1_2 0
66 x_1_2 1
66 t 3
66 x_1_2 4
66 x_1_2 5
66 t 7
66 x_1_2 9
66 t 11
66 y_1_2 13
66 y_1_2 17
66 t 18
66 x_1_2 20
66 t 22
66 y_1_2 24
66 y_1_2 28
66 t 31
66 y_1_2 32
66 x_1_2 33
66 t 35
67 cz 1 2
67 cz 9 10
67 cz 13 14
67 cz 21 22
67 cz 25 26
67 cz 33 34
67 t 0
67 t 4
67 t 5
67 x_1_2 6
67 y_1_2 8
67 x_1_2 12
67 x_1_2 16
67 t 17
67 x_1_2 19
67 t 20
67 y_1_2 23
67 t 24
67 x_1_2 27
67 t 28
67 x_1_2 29
67 t 32
68 cz 0 6
68 cz 24 30
68 cz 13 19
68 cz 2 8
68 cz 26 32
68 cz 15 21
68 cz 4 10
68 cz 28 34
68 cz 17 23
68 y_1_2 1
68 x_1_2 9
68 t 12
68 x_1_2 14
68 t 16
68 x_1_2 22
68 y_1_2 25
68 t 27
68 t 29
68 y_1_2 33
69 cz 2 3
69 cz 6 7
