36
3 t 28
3 y_1_2 29
3 t 32
4 cz 0 6
4 cz 24 30
4 cz 13 19
4 cz 2 8
4 cz 26 32
4 cz 15 21
4 cz 4 10
4 cz 28 34
4 cz 17 23
4 x_1_2 1
4 x_1_2 9
4 t 12
4 x_1_2 14
4 t 16
4 y_1_2 22
4 x_1_2 25
4 t 27
4 t 29
4 y_1_2 33
5 cz 2 3
5 cz 6 7
5 cz 10 11
5 cz 14 15
5 cz 18 19
5 cz 22 23
5 cz 26 27
5 cz 30 31
5 cz 34 35
5 x_1_2 0
5 t 1
5 y_1_2 4
5 x_1_2 8
5 t 9
5 y_1_2 13
5 x_1_2 17
5 y_1_2 21
5 y_1_2 24
5 t 25
5 y_1_2 28
5 x_1_2 32
5 t 33
6 cz 18 24
6 cz 7 13
6 cz 20 26
6 cz 9 15
6 cz 22 28
6 cz 11 17
6 t 0
6 x_1_2 2
6 y_1_2 3
6 t 4
6 x_1_2 6
6 t 8
6 x_1_2 10
6 y_1_2 14
6 y_1_2 19
6 t 21
6 y_1_2 23
6 y_1_2 27
6 x_1_2 30
6 x_1_2 31
6 t 32
6 y_1_2 34
6 x_1_2 35
7 cz 3 4
7 cz 7 8
7 cz 15 16
7 cz 19 20
7 cz 27 28
7 cz 31 32
7 t 2
7 t 6
7 y_1_2 9
7 t 10
7 x_1_2 11
7 y_1_2 13
7 t 14
7 y_1_2 17
7 y_1_2 18
7 y_1_2 22
7 t 23
7 y_1_2 24
7 x_1_2 26
7 t 30
7 t 34
7 t 35
8 cz 12 18
8 cz 1 7
8 cz 25 31
8 cz 14 20
8 cz 3 9
8 cz 27 33
8 cz 16 22
8 cz 5 11
8 cz 29 35
8 x_1_2 4
8 y_1_2 8
