36
18 cz 6 12
18 cz 19 25
18 cz 8 14
18 cz 21 27
18 cz 10 16
18 cz 23 29
18 y_1_2 0
18 x_1_2 1
18 t 3
18 x_1_2 4
18 x_1_2 5
18 t 7
18 x_1_2 9
18 t 11
18 y_1_2 13
18 y_1_2 17
18 t 18
18 y_1_2 20
18 t 22
18 y_1_2 24
18 x_1_2 28
18 t 31
18 x_1_2 32
18 y_1_2 33
18 t 35
19 cz 1 2
19 cz 9 10
19 cz 13 14
19 cz 21 22
19 cz 25 26
19 cz 33 34
19 t 0
19 t 4
19 t 5
19 y_1_2 6
19 y_1_2 8
19 x_1_2 12
19 y_1_2 16
19 t 17
19 y_1_2 19
19 t 20
19 y_1_2 23
19 t 24
19 y_1_2 27
19 t 28
19 y_1_2 29
19 t 32
20 cz 0 6
20 cz 24 30
20 cz 13 19
20 cz 2 8
20 cz 26 32
20 cz 15 21
20 cz 4 10
20 cz 28 34
20 cz 17 23
20 x_1_2 1
20 x_1_2 9
20 t 12
20 y_1_2 14
20 t 16
20 y_1_2 22
20 x_1_2 25
20 t 27
20 t 29
20 y_1_2 33
21 cz 2 3
21 cz 6 7
21 cz 10 11
21 cz 14 15
21 cz 18 19
21 cz 22 23
21 cz 26 27
21 cz 30 31
21 cz 34 35
21 y_1_2 0
21 t 1
21 y_1_2 4
21 y_1_2 8
21 t 9
21 y_1_2 13
21 y_1_2 17
21 x_1_2 21
21 y_1_2 24
21 t 25
21 x_1_2 28
21 x_1_2 32
21 t 33
22 cz 18 24
22 cz 7 13
22 cz 20 26
22 cz 9 15
22 cz 22 28
22 cz 11 17
22 t 0
22 y_1_2 2
22 y_1_2 3
22 t 4
22 x_1_2 6
22 t 8
