36
69 cz 10 11
69 cz 14 15
69 cz 18 19
69 cz 22 23
69 cz 26 27
69 cz 30 31
69 cz 34 35
69 y_1_2 0
69 t 1
69 y_1_2 4
69 y_1_2 8
69 t 9
69 y_1_2 13
69 y_1_2 17
69 x_1_2 21
69 x_1_2 24
69 t 25
69 y_1_2 28
69 y_1_2 32
69 t 33
70 cz 18 24
70 cz 7 13
70 cz 20 26
70 cz 9 15
70 cz 22 28
70 cz 11 17
70 t 0
70 y_1_2 2
70 y_1_2 3
70 t 4
70 x_1_2 6
70 t 8
70 x_1_2 10
70 x_1_2 14
70 y_1_2 19
70 t 21
70 y_1_2 23
70 x_1_2 27
70 y_1_2 30
70 y_1_2 31
70 t 32
70 y_1_2 34
70 x_1_2 35
71 cz 3 4
71 cz 7 8
71 cz 15 16
71 cz 19 20
71 cz 27 28
71 cz 31 32
71 t 2
71 t 6
71 x_1_2 9
71 t 10
71 x_1_2 11
71 y_1_2 13
71 t 14
71 y_1_2 17
71 x_1_2 18
71 y_1_2 22
71 t 23
71 y_1_2 24
71 x_1_2 26
71 t 30
71 t 34
71 t 35
72 cz 12 18
72 cz 1 7
72 cz 25 31
72 cz 14 20
72 cz 3 9
72 cz 27 33
72 cz 16 22
72 cz 5 11
72 cz 29 35
72 x_1_2 4
72 y_1_2 8
72 t 13
72 x_1_2 15
72 t 17
72 y_1_2 19
72 t 24
72 t 26
72 x_1_2 28
72 y_1_2 32
73 cz 0 1
73 cz 4 5
73 cz 8 9
73 cz 12 13
73 cz 16 17
73 cz 20 21
73 cz 24 25
73 cz 28 29
73 cz 32 33
73 x_1_2 3
73 y_1_2 7
73 x_1_2 11
73 x_1_2 14
73 t 15
73 y_1_2 18
73 t 19
