36
45 t 25
45 x_1_2 28
45 x_1_2 32
45 t 33
46 cz 18 24
46 cz 7 13
46 cz 20 26
46 cz 9 15
46 cz 22 28
46 cz 11 17
46 t 0
46 x_1_2 2
46 y_1_2 3
46 t 4
46 y_1_2 6
46 t 8
46 x_1_2 10
46 x_1_2 14
46 y_1_2 19
46 t 21
46 y_1_2 23
46 y_1_2 27
46 x_1_2 30
46 x_1_2 31
46 t 32
46 y_1_2 34
46 x_1_2 35
47 cz 3 4
47 cz 7 8
47 cz 15 16
47 cz 19 20
47 cz 27 28
47 cz 31 32
47 t 2
47 t 6
47 y_1_2 9
47 t 10
47 y_1_2 11
47 y_1_2 13
47 t 14
47 y_1_2 17
47 y_1_2 18
47 y_1_2 22
47 t 23
47 x_1_2 24
47 x_1_2 26
47 t 30
47 t 34
47 t 35
48 cz 12 18
48 cz 1 7
48 cz 25 31
48 cz 14 20
48 cz 3 9
48 cz 27 33
48 cz 16 22
48 cz 5 11
48 cz 29 35
48 y_1_2 4
48 x_1_2 8
48 t 13
48 y_1_2 15
48 t 17
48 x_1_2 19
48 t 24
48 t 26
48 x_1_2 28
48 x_1_2 32
49 cz 0 1
49 cz 4 5
49 cz 8 9
49 cz 12 13
49 cz 16 17
49 cz 20 21
49 cz 24 25
49 cz 28 29
49 cz 32 33
49 y_1_2 3
49 x_1_2 7
49 y_1_2 11
49 x_1_2 14
49 t 15
49 y_1_2 18
49 t 19
49 x_1_2 22
49 y_1_2 27
49 x_1_2 31
49 y_1_2 35
50 cz 6 12
50 cz 19 25
50 cz 8 14
50 cz 21 27
50 cz 10 16
50 cz 23 29
50 x_1_2 0
50 x_1_2 1
50 t 3
50 x_1_2 4
50 y_1_2 5
50 t 7
