36
13 cz 26 27
13 cz 30 31
13 cz 34 35
13 y_1_2 0
13 t 1
13 y_1_2 4
13 y_1_2 8
13 t 9
13 x_1_2 13
13 x_1_2 17
13 y_1_2 21
13 y_1_2 24
13 t 25
13 x_1_2 28
13 y_1_2 32
13 t 33
14 cz 18 24
14 cz 7 13
14 cz 20 26
14 cz 9 15
14 cz 22 28
14 cz 11 17
14 t 0
14 x_1_2 2
14 x_1_2 3
14 t 4
14 x_1_2 6
14 t 8
14 y_1_2 10
14 y_1_2 14
14 y_1_2 19
14 t 21
14 x_1_2 23
14 x_1_2 27
14 x_1_2 30
14 x_1_2 31
14 t 32
14 y_1_2 34
14 y_1_2 35
15 cz 3 4
15 cz 7 8
15 cz 15 16
15 cz 19 20
15 cz 27 28
15 cz 31 32
15 t 2
15 t 6
15 y_1_2 9
15 t 10
15 y_1_2 11
15 y_1_2 13
15 t 14
15 x_1_2 17
15 y_1_2 18
15 y_1_2 22
15 t 23
15 x_1_2 24
15 x_1_2 26
15 t 30
15 t 34
15 t 35
16 cz 12 18
16 cz 1 7
16 cz 25 31
16 cz 14 20
16 cz 3 9
16 cz 27 33
16 cz 16 22
16 cz 5 11
16 cz 29 35
16 x_1_2 4
16 y_1_2 8
16 t 13
16 x_1_2 15
16 t 17
16 x_1_2 19
16 t 24
16 t 26
16 y_1_2 28
16 x_1_2 32
17 cz 0 1
17 cz 4 5
17 cz 8 9
17 cz 12 13
17 cz 16 17
17 cz 20 21
17 cz 24 25
17 cz 28 29
17 cz 32 33
17 x_1_2 3
17 x_1_2 7
17 y_1_2 11
17 x_1_2 14
17 t 15
17 x_1_2 18
17 t 19
17 y_1_2 22
17 x_1_2 27
17 x_1_2 31
17 x_1_2 35
