24
13 is 20 21
13 x_1_2 23
14 t 1
14 y_1_2 2
14 is 3 8
14 t 4
14 is 5 10
14 t 6
14 y_1_2 9
14 t 12
14 is 13 18
14 x_1_2 14
14 is 15 20
14 t 16
14 x_1_2 21
14 t 23
15 t 2
15 is 3 4
15 x_1_2 5
15 is 6 7
15 y_1_2 8
15 t 9
15 is 10 11
15 y_1_2 13
15 is 14 15
15 x_1_2 18
15 x_1_2 20
15 t 21
15 is 22 23
16 is 0 3
16 x_1_2 4
16 t 5
16 x_1_2 6
16 is 7 13
16 t 8
16 is 9 15
16 x_1_2 10
16 is 11 17
16 y_1_2 14
16 t 18
16 is 19 22
16 t 20
16 y_1_2 23
17 y_1_2 0
17 y_1_2 3
17 is 4 5
17 t 6
17 is 7 8
17 y_1_2 9
17 t 10
17 x_1_2 11
17 x_1_2 13
17 t 14
17 is 15 16
17 y_1_2 17
17 is 18 19
17 y_1_2 22
17 t 23
18 t 0
18 is 2 7
18 t 3
18 is 4 9
18 x_1_2 5
18 y_1_2 8
18 t 11
18 t 13
18 is 14 19
18 y_1_2 15
18 is 16 21
18 t 17
18 y_1_2 18
18 t 22
19 is 0 1
19 x_1_2 2
19 x_1_2 4
19 t 5
19 x_1_2 7
19 is 8 9
19 is 12 13
19 x_1_2 14
19 t 15
19 is 16 17
19 t 18
19 is 19 20
19 x_1_2 21
20 y_1_2 0
20 is 1 4
20 t 2
20 is 6 12
20 t 7
20 is 8 14
20 x_1_2 9
20 is 10 16
20 x_1_2 13
20 x_1_2 17
20 x_1_2 19
20 is 20 23
20 t 21
21 t 0
21 y_1_2 1
