24
21 is 2 3
21 x_1_2 4
21 y_1_2 6
21 y_1_2 8
21 is 9 10
21 x_1_2 12
21 is 13 14
21 x_1_2 16
21 t 17
21 t 19
21 is 20 21
21 y_1_2 23
22 t 1
22 y_1_2 2
22 is 3 8
22 t 4
22 is 5 10
22 t 6
22 x_1_2 9
22 t 12
22 is 13 18
22 x_1_2 14
22 is 15 20
22 t 16
22 x_1_2 21
22 t 23
23 t 2
23 is 3 4
23 y_1_2 5
23 is 6 7
23 x_1_2 8
23 t 9
23 is 10 11
23 x_1_2 13
23 is 14 15
23 y_1_2 18
23 x_1_2 20
23 t 21
23 is 22 23
24 is 0 3
24 y_1_2 4
24 t 5
24 y_1_2 6
24 is 7 13
24 t 8
24 is 9 15
24 y_1_2 10
24 is 11 17
24 y_1_2 14
24 t 18
24 is 19 22
24 t 20
24 x_1_2 23
25 x_1_2 0
25 x_1_2 3
25 is 4 5
25 t 6
25 is 7 8
25 y_1_2 9
25 t 10
25 x_1_2 11
25 x_1_2 13
25 t 14
25 is 15 16
25 y_1_2 17
25 is 18 19
25 y_1_2 22
25 t 23
26 t 0
26 is 2 7
26 t 3
26 is 4 9
26 y_1_2 5
26 x_1_2 8
26 t 11
26 t 13
26 is 14 19
26 x_1_2 15
26 is 16 21
26 t 17
26 y_1_2 18
26 t 22
27 is 0 1
27 x_1_2 2
27 x_1_2 4
27 t 5
27 x_1_2 7
27 is 8 9
27 is 12 13
27 x_1_2 14
27 t 15
27 is 16 17
27 t 18
27 is 19 20
27 x_1_2 21
28 y_1_2 0
28 is 1 4
28 t 2
28 is 6 12
28 t 7
