56
8 cz 33 41
8 cz 18 26
8 cz 3 11
8 cz 35 43
8 cz 20 28
8 cz 5 13
8 cz 37 45
8 cz 22 30
8 cz 7 15
8 cz 39 47
8 y_1_2 4
8 x_1_2 10
8 x_1_2 14
8 t 17
8 y_1_2 19
8 t 21
8 t 23
8 y_1_2 25
8 y_1_2 29
8 t 32
8 t 34
8 y_1_2 36
8 t 38
8 x_1_2 42
8 x_1_2 46
8 t 49
8 x_1_2 51
8 y_1_2 52
8 t 53
8 t 55
9 cz 0 1
9 cz 4 5
9 cz 10 11
9 cz 14 15
9 cz 16 17
9 cz 20 21
9 cz 26 27
9 cz 30 31
9 cz 32 33
9 cz 36 37
9 cz 42 43
9 cz 46 47
9 cz 48 49
9 cz 52 53
9 y_1_2 3
9 x_1_2 7
9 x_1_2 9
9 x_1_2 13
9 x_1_2 18
9 t 19
9 x_1_2 22
9 y_1_2 24
9 t 25
9 x_1_2 28
9 t 29
9 x_1_2 35
9 x_1_2 39
9 x_1_2 41
9 y_1_2 45
9 t 51
10 cz 8 16
10 cz 40 48
10 cz 25 33
10 cz 10 18
10 cz 42 50
10 cz 27 35
10 cz 12 20
10 cz 44 52
10 cz 29 37
10 cz 14 22
10 cz 46 54
10 cz 31 39
10 y_1_2 0
10 y_1_2 1
10 t 3
10 y_1_2 4
10 y_1_2 5
10 t 7
10 t 9
10 y_1_2 11
10 t 13
10 x_1_2 15
10 y_1_2 17
10 y_1_2 21
10 t 24
10 y_1_2 26
10 t 28
10 y_1_2 30
10 x_1_2 32
10 x_1_2 36
10 t 41
10 x_1_2 43
10 t 45
10 y_1_2 47
10 x_1_2 49
10 x_1_2 53
11 cz 1 2
11 cz 5 6
11 cz 11 12
11 cz 17 18
