56
11 cz 21 22
11 cz 27 28
11 cz 33 34
11 cz 37 38
11 cz 43 44
11 cz 49 50
11 cz 53 54
11 t 0
11 t 4
11 x_1_2 8
11 x_1_2 10
11 x_1_2 14
11 t 15
11 y_1_2 16
11 x_1_2 20
11 y_1_2 25
11 t 26
11 x_1_2 29
11 t 30
11 y_1_2 31
11 t 32
11 y_1_2 35
11 t 36
11 x_1_2 39
11 x_1_2 40
11 y_1_2 42
11 y_1_2 46
11 t 47
11 x_1_2 48
11 y_1_2 52
12 cz 0 8
12 cz 32 40
12 cz 17 25
12 cz 2 10
12 cz 34 42
12 cz 19 27
12 cz 4 12
12 cz 36 44
12 cz 21 29
12 cz 6 14
12 cz 38 46
12 cz 23 31
12 y_1_2 1
12 x_1_2 5
12 x_1_2 11
12 t 16
12 x_1_2 18
12 t 20
12 x_1_2 22
12 x_1_2 28
12 y_1_2 33
12 t 35
12 y_1_2 37
12 t 39
12 x_1_2 43
12 t 48
12 y_1_2 49
12 x_1_2 50
12 t 52
12 x_1_2 53
12 y_1_2 54
13 cz 2 3
13 cz 6 7
13 cz 8 9
13 cz 12 13
13 cz 18 19
13 cz 22 23
13 cz 24 25
13 cz 28 29
13 cz 34 35
13 cz 38 39
13 cz 40 41
13 cz 44 45
13 cz 50 51
13 cz 54 55
13 x_1_2 0
13 t 1
13 y_1_2 4
13 t 5
13 y_1_2 10
13 t 11
13 y_1_2 14
13 x_1_2 17
13 y_1_2 21
13 x_1_2 27
13 y_1_2 31
13 y_1_2 32
13 t 33
13 y_1_2 36
13 t 37
13 y_1_2 42
13 t 43
13 x_1_2 46
13 t 49
13 t 53
14 cz 24 32
14 cz 9 17
14 cz 41 49
14 cz 26 34
14 cz 11 19
