56
2 cz 25 33
2 cz 10 18
2 cz 42 50
2 cz 27 35
2 cz 12 20
2 cz 44 52
2 cz 29 37
2 cz 14 22
2 cz 46 54
2 cz 31 39
2 x_1_2 0
2 y_1_2 1
2 x_1_2 4
2 y_1_2 5
2 x_1_2 11
2 x_1_2 15
2 y_1_2 17
2 x_1_2 21
2 y_1_2 26
2 x_1_2 30
2 x_1_2 32
2 x_1_2 36
2 x_1_2 43
2 y_1_2 47
2 x_1_2 49
2 x_1_2 53
3 cz 1 2
3 cz 5 6
3 cz 11 12
3 cz 17 18
3 cz 21 22
3 cz 27 28
3 cz 33 34
3 cz 37 38
3 cz 43 44
3 cz 49 50
3 cz 53 54
3 t 0
3 t 4
3 x_1_2 8
3 x_1_2 10
3 x_1_2 14
3 t 15
3 y_1_2 16
3 x_1_2 20
3 x_1_2 25
3 t 26
3 x_1_2 29
3 t 30
3 y_1_2 31
3 t 32
3 x_1_2 35
3 t 36
3 y_1_2 39
3 x_1_2 40
3 y_1_2 42
3 x_1_2 46
3 t 47
3 y_1_2 48
3 x_1_2 52
4 cz 0 8
4 cz 32 40
4 cz 17 25
4 cz 2 10
4 cz 34 42
4 cz 19 27
4 cz 4 12
4 cz 36 44
4 cz 21 29
4 cz 6 14
4 cz 38 46
4 cz 23 31
4 y_1_2 1
4 y_1_2 5
4 y_1_2 11
4 t 16
4 x_1_2 18
4 t 20
4 x_1_2 22
4 y_1_2 28
4 x_1_2 33
4 t 35
4 x_1_2 37
4 t 39
4 y_1_2 43
4 t 48
4 y_1_2 49
4 y_1_2 50
4 t 52
4 y_1_2 53
4 x_1_2 54
5 cz 2 3
5 cz 6 7
5 cz 8 9
5 cz 12 13
5 cz 18 19
5 cz 22 23
5 cz 24 25
5 cz 28 29
5 cz 34 35
