132
56 cz 103 115
56 cz 32 44
56 cz 80 92
56 cz 9 21
56 cz 57 69
56 cz 105 117
56 cz 34 46
56 cz 82 94
56 cz 11 23
56 cz 59 71
56 cz 107 119
56 x_1_2 4
56 y_1_2 8
56 x_1_2 14
56 x_1_2 18
56 y_1_2 22
56 t 25
56 x_1_2 27
56 t 29
56 y_1_2 31
56 t 33
56 t 35
56 x_1_2 37
56 y_1_2 41
56 x_1_2 45
56 t 48
56 t 50
56 x_1_2 52
56 t 54
56 y_1_2 56
56 t 58
56 y_1_2 62
56 y_1_2 66
56 y_1_2 70
56 t 73
56 y_1_2 75
56 t 77
56 x_1_2 79
56 t 81
56 t 83
56 x_1_2 85
56 y_1_2 89
56 y_1_2 93
56 t 96
56 t 98
56 y_1_2 100
56 t 102
56 x_1_2 104
56 t 106
56 x_1_2 110
56 y_1_2 114
56 y_1_2 118
56 t 121
56 y_1_2 123
56 y_1_2 124
56 t 125
56 y_1_2 127
56 y_1_2 128
56 t 129
56 t 131
57 cz 0 1
57 cz 4 5
57 cz 8 9
57 cz 14 15
57 cz 18 19
57 cz 22 23
57 cz 24 25
57 cz 28 29
57 cz 32 33
57 cz 38 39
57 cz 42 43
57 cz 46 47
57 cz 48 49
57 cz 52 53
57 cz 56 57
57 cz 62 63
57 cz 66 67
57 cz 70 71
57 cz 72 73
57 cz 76 77
57 cz 80 81
57 cz 86 87
57 cz 90 91
57 cz 94 95
57 cz 96 97
57 cz 100 101
57 cz 104 105
57 cz 110 111
57 cz 114 115
57 cz 118 119
57 cz 120 121
57 cz 124 125
57 cz 128 129
57 y_1_2 3
57 x_1_2 7
57 x_1_2 11
57 y_1_2 13
57 x_1_2 17
57 x_1_2 21
57 y_1_2 26
