132
64 x_1_2 124
64 t 125
64 x_1_2 127
64 x_1_2 128
64 t 129
64 t 131
65 cz 0 1
65 cz 4 5
65 cz 8 9
65 cz 14 15
65 cz 18 19
65 cz 22 23
65 cz 24 25
65 cz 28 29
65 cz 32 33
65 cz 38 39
65 cz 42 43
65 cz 46 47
65 cz 48 49
65 cz 52 53
65 cz 56 57
65 cz 62 63
65 cz 66 67
65 cz 70 71
65 cz 72 73
65 cz 76 77
65 cz 80 81
65 cz 86 87
65 cz 90 91
65 cz 94 95
65 cz 96 97
65 cz 100 101
65 cz 104 105
65 cz 110 111
65 cz 114 115
65 cz 118 119
65 cz 120 121
65 cz 124 125
65 cz 128 129
65 x_1_2 3
65 y_1_2 7
65 y_1_2 11
65 y_1_2 13
65 x_1_2 17
65 x_1_2 21
65 x_1_2 26
65 t 27
65 x_1_2 30
65 t 31
65 y_1_2 34
65 x_1_2 36
65 t 37
65 y_1_2 40
65 t 41
65 y_1_2 44
65 t 45
65 x_1_2 51
65 y_1_2 55
65 x_1_2 59
65 y_1_2 61
65 x_1_2 65
65 x_1_2 69
65 x_1_2 74
65 t 75
65 y_1_2 78
65 t 79
65 y_1_2 82
65 x_1_2 84
65 t 85
65 y_1_2 88
65 t 89
65 y_1_2 92
65 t 93
65 x_1_2 99
65 x_1_2 103
65 y_1_2 107
65 x_1_2 109
65 x_1_2 113
65 x_1_2 117
65 t 123
65 t 127
66 h 0
66 h 1
66 h 2
66 h 3
66 h 4
66 h 5
66 h 6
66 h 7
66 h 8
66 h 9
66 h 10
66 h 11
66 h 12
66 h 13
66 h 14
66 h 15
66 h 16
66 h 17
66 h 18
