132
24 cz 49 61
24 cz 97 109
24 cz 26 38
24 cz 74 86
24 cz 3 15
24 cz 51 63
24 cz 99 111
24 cz 28 40
24 cz 76 88
24 cz 5 17
24 cz 53 65
24 cz 101 113
24 cz 30 42
24 cz 78 90
24 cz 7 19
24 cz 55 67
24 cz 103 115
24 cz 32 44
24 cz 80 92
24 cz 9 21
24 cz 57 69
24 cz 105 117
24 cz 34 46
24 cz 82 94
24 cz 11 23
24 cz 59 71
24 cz 107 119
24 y_1_2 4
24 y_1_2 8
24 x_1_2 14
24 y_1_2 18
24 x_1_2 22
24 t 25
24 x_1_2 27
24 t 29
24 x_1_2 31
24 t 33
24 t 35
24 y_1_2 37
24 y_1_2 41
24 x_1_2 45
24 t 48
24 t 50
24 x_1_2 52
24 t 54
24 x_1_2 56
24 t 58
24 x_1_2 62
24 x_1_2 66
24 x_1_2 70
24 t 73
24 x_1_2 75
24 t 77
24 y_1_2 79
24 t 81
24 t 83
24 x_1_2 85
24 x_1_2 89
24 y_1_2 93
24 t 96
24 t 98
24 y_1_2 100
24 t 102
24 x_1_2 104
24 t 106
24 y_1_2 110
24 x_1_2 114
24 x_1_2 118
24 t 121
24 y_1_2 123
24 x_1_2 124
24 t 125
24 y_1_2 127
24 x_1_2 128
24 t 129
24 t 131
25 cz 0 1
25 cz 4 5
25 cz 8 9
25 cz 14 15
25 cz 18 19
25 cz 22 23
25 cz 24 25
25 cz 28 29
25 cz 32 33
25 cz 38 39
25 cz 42 43
25 cz 46 47
25 cz 48 49
25 cz 52 53
25 cz 56 57
25 cz 62 63
25 cz 66 67
25 cz 70 71
25 cz 72 73
25 cz 76 77
25 cz 80 81
25 cz 86 87
25 cz 90 91
25 cz 94 95
