132
61 cz 98 99
61 cz 102 103
61 cz 106 107
61 cz 108 109
61 cz 112 113
61 cz 116 117
61 cz 122 123
61 cz 126 127
61 cz 130 131
61 x_1_2 0
61 t 1
61 y_1_2 4
61 t 5
61 x_1_2 8
61 t 9
61 y_1_2 14
61 t 15
61 y_1_2 18
61 t 19
61 y_1_2 22
61 x_1_2 25
61 x_1_2 29
61 x_1_2 33
61 y_1_2 39
61 x_1_2 43
61 x_1_2 47
61 y_1_2 48
61 t 49
61 y_1_2 52
61 t 53
61 y_1_2 56
61 t 57
61 y_1_2 62
61 t 63
61 y_1_2 66
61 t 67
61 y_1_2 70
61 y_1_2 73
61 y_1_2 77
61 x_1_2 81
61 x_1_2 87
61 x_1_2 91
61 x_1_2 95
61 x_1_2 96
61 t 97
61 x_1_2 100
61 t 101
61 y_1_2 104
61 t 105
61 y_1_2 110
61 t 111
61 y_1_2 114
61 t 115
61 y_1_2 118
61 t 121
61 t 125
61 t 129
62 cz 36 48
62 cz 84 96
62 cz 13 25
62 cz 61 73
62 cz 109 121
62 cz 38 50
62 cz 86 98
62 cz 15 27
62 cz 63 75
62 cz 111 123
62 cz 40 52
62 cz 88 100
62 cz 17 29
62 cz 65 77
62 cz 113 125
62 cz 42 54
62 cz 90 102
62 cz 19 31
62 cz 67 79
62 cz 115 127
62 cz 44 56
62 cz 92 104
62 cz 21 33
62 cz 69 81
62 cz 117 129
62 cz 46 58
62 cz 94 106
62 cz 23 35
62 cz 71 83
62 cz 119 131
62 t 0
62 x_1_2 2
62 y_1_2 3
62 t 4
62 y_1_2 6
62 x_1_2 7
62 t 8
62 x_1_2 10
62 y_1_2 11
62 y_1_2 12
62 t 14
62 y_1_2 16
62 t 18
