132
45 cz 64 65
45 cz 68 69
45 cz 74 75
45 cz 78 79
45 cz 82 83
45 cz 84 85
45 cz 88 89
45 cz 92 93
45 cz 98 99
45 cz 102 103
45 cz 106 107
45 cz 108 109
45 cz 112 113
45 cz 116 117
45 cz 122 123
45 cz 126 127
45 cz 130 131
45 y_1_2 0
45 t 1
45 y_1_2 4
45 t 5
45 x_1_2 8
45 t 9
45 x_1_2 14
45 t 15
45 y_1_2 18
45 t 19
45 y_1_2 22
45 y_1_2 25
45 x_1_2 29
45 x_1_2 33
45 x_1_2 39
45 y_1_2 43
45 x_1_2 47
45 y_1_2 48
45 t 49
45 x_1_2 52
45 t 53
45 x_1_2 56
45 t 57
45 x_1_2 62
45 t 63
45 x_1_2 66
45 t 67
45 y_1_2 70
45 x_1_2 73
45 y_1_2 77
45 y_1_2 81
45 y_1_2 87
45 x_1_2 91
45 x_1_2 95
45 y_1_2 96
45 t 97
45 y_1_2 100
45 t 101
45 x_1_2 104
45 t 105
45 y_1_2 110
45 t 111
45 y_1_2 114
45 t 115
45 y_1_2 118
45 t 121
45 t 125
45 t 129
46 cz 36 48
46 cz 84 96
46 cz 13 25
46 cz 61 73
46 cz 109 121
46 cz 38 50
46 cz 86 98
46 cz 15 27
46 cz 63 75
46 cz 111 123
46 cz 40 52
46 cz 88 100
46 cz 17 29
46 cz 65 77
46 cz 113 125
46 cz 42 54
46 cz 90 102
46 cz 19 31
46 cz 67 79
46 cz 115 127
46 cz 44 56
46 cz 92 104
46 cz 21 33
46 cz 69 81
46 cz 117 129
46 cz 46 58
46 cz 94 106
46 cz 23 35
46 cz 71 83
46 cz 119 131
46 t 0
46 y_1_2 2
46 x_1_2 3
46 t 4
46 x_1_2 6
