132
27 t 94
27 y_1_2 95
27 t 96
27 y_1_2 99
27 t 100
27 y_1_2 103
27 t 104
27 y_1_2 107
27 y_1_2 108
27 y_1_2 110
27 y_1_2 114
27 x_1_2 118
27 t 119
27 x_1_2 120
27 y_1_2 124
27 y_1_2 128
28 cz 0 12
28 cz 48 60
28 cz 96 108
28 cz 25 37
28 cz 73 85
28 cz 2 14
28 cz 50 62
28 cz 98 110
28 cz 27 39
28 cz 75 87
28 cz 4 16
28 cz 52 64
28 cz 100 112
28 cz 29 41
28 cz 77 89
28 cz 6 18
28 cz 54 66
28 cz 102 114
28 cz 31 43
28 cz 79 91
28 cz 8 20
28 cz 56 68
28 cz 104 116
28 cz 33 45
28 cz 81 93
28 cz 10 22
28 cz 58 70
28 cz 106 118
28 cz 35 47
28 cz 83 95
28 y_1_2 1
28 x_1_2 5
28 x_1_2 9
28 y_1_2 15
28 y_1_2 19
28 t 24
28 y_1_2 26
28 t 28
28 x_1_2 30
28 t 32
28 y_1_2 34
28 x_1_2 40
28 x_1_2 44
28 x_1_2 49
28 t 51
28 y_1_2 53
28 t 55
28 x_1_2 57
28 t 59
28 x_1_2 63
28 x_1_2 67
28 t 72
28 y_1_2 74
28 t 76
28 y_1_2 78
28 t 80
28 y_1_2 82
28 y_1_2 88
28 y_1_2 92
28 y_1_2 97
28 t 99
28 y_1_2 101
28 t 103
28 y_1_2 105
28 t 107
28 y_1_2 111
28 y_1_2 115
28 t 120
28 x_1_2 121
28 y_1_2 122
28 t 124
28 x_1_2 125
28 x_1_2 126
28 t 128
28 y_1_2 129
28 y_1_2 130
29 cz 2 3
29 cz 6 7
29 cz 10 11
29 cz 12 13
29 cz 16 17
29 cz 20 21
29 cz 26 27
29 cz 30 31
