132
55 cz 27 28
55 cz 31 32
55 cz 37 38
55 cz 41 42
55 cz 45 46
55 cz 51 52
55 cz 55 56
55 cz 61 62
55 cz 65 66
55 cz 69 70
55 cz 75 76
55 cz 79 80
55 cz 85 86
55 cz 89 90
55 cz 93 94
55 cz 99 100
55 cz 103 104
55 cz 109 110
55 cz 113 114
55 cz 117 118
55 cz 123 124
55 cz 127 128
55 t 2
55 t 6
55 t 10
55 t 11
55 t 12
55 x_1_2 15
55 t 16
55 x_1_2 19
55 t 20
55 x_1_2 23
55 x_1_2 25
55 t 26
55 y_1_2 29
55 t 30
55 x_1_2 33
55 t 34
55 y_1_2 35
55 y_1_2 36
55 x_1_2 40
55 y_1_2 44
55 x_1_2 48
55 x_1_2 50
55 x_1_2 54
55 y_1_2 58
55 t 59
55 t 60
55 x_1_2 63
55 t 64
55 x_1_2 67
55 t 68
55 y_1_2 71
55 y_1_2 73
55 t 74
55 x_1_2 77
55 t 78
55 y_1_2 81
55 t 82
55 x_1_2 83
55 y_1_2 84
55 y_1_2 88
55 y_1_2 92
55 y_1_2 96
55 x_1_2 98
55 y_1_2 102
55 y_1_2 106
55 t 107
55 t 108
55 x_1_2 111
55 t 112
55 y_1_2 115
55 t 116
55 y_1_2 119
55 y_1_2 121
55 t 122
55 y_1_2 125
55 t 126
55 y_1_2 129
55 t 130
55 x_1_2 131
56 cz 24 36
56 cz 72 84
56 cz 1 13
56 cz 49 61
56 cz 97 109
56 cz 26 38
56 cz 74 86
56 cz 3 15
56 cz 51 63
56 cz 99 111
56 cz 28 40
56 cz 76 88
56 cz 5 17
56 cz 53 65
56 cz 101 113
56 cz 30 42
56 cz 78 90
56 cz 7 19
56 cz 55 67
