132
52 t 55
52 y_1_2 57
52 t 59
52 x_1_2 63
52 y_1_2 67
52 t 72
52 y_1_2 74
52 t 76
52 y_1_2 78
52 t 80
52 y_1_2 82
52 y_1_2 88
52 x_1_2 92
52 y_1_2 97
52 t 99
52 y_1_2 101
52 t 103
52 x_1_2 105
52 t 107
52 x_1_2 111
52 x_1_2 115
52 t 120
52 x_1_2 121
52 x_1_2 122
52 t 124
52 y_1_2 125
52 x_1_2 126
52 t 128
52 y_1_2 129
52 x_1_2 130
53 cz 2 3
53 cz 6 7
53 cz 10 11
53 cz 12 13
53 cz 16 17
53 cz 20 21
53 cz 26 27
53 cz 30 31
53 cz 34 35
53 cz 36 37
53 cz 40 41
53 cz 44 45
53 cz 50 51
53 cz 54 55
53 cz 58 59
53 cz 60 61
53 cz 64 65
53 cz 68 69
53 cz 74 75
53 cz 78 79
53 cz 82 83
53 cz 84 85
53 cz 88 89
53 cz 92 93
53 cz 98 99
53 cz 102 103
53 cz 106 107
53 cz 108 109
53 cz 112 113
53 cz 116 117
53 cz 122 123
53 cz 126 127
53 cz 130 131
53 x_1_2 0
53 t 1
53 x_1_2 4
53 t 5
53 y_1_2 8
53 t 9
53 y_1_2 14
53 t 15
53 x_1_2 18
53 t 19
53 y_1_2 22
53 y_1_2 25
53 x_1_2 29
53 x_1_2 33
53 x_1_2 39
53 x_1_2 43
53 y_1_2 47
53 y_1_2 48
53 t 49
53 y_1_2 52
53 t 53
53 x_1_2 56
53 t 57
53 y_1_2 62
53 t 63
53 y_1_2 66
53 t 67
53 x_1_2 70
53 x_1_2 73
53 y_1_2 77
53 y_1_2 81
53 y_1_2 87
53 y_1_2 91
53 x_1_2 95
53 y_1_2 96
53 t 97
53 x_1_2 100
