132
3 cz 15 16
3 cz 19 20
3 cz 25 26
3 cz 29 30
3 cz 33 34
3 cz 39 40
3 cz 43 44
3 cz 49 50
3 cz 53 54
3 cz 57 58
3 cz 63 64
3 cz 67 68
3 cz 73 74
3 cz 77 78
3 cz 81 82
3 cz 87 88
3 cz 91 92
3 cz 97 98
3 cz 101 102
3 cz 105 106
3 cz 111 112
3 cz 115 116
3 cz 121 122
3 cz 125 126
3 cz 129 130
3 t 0
3 t 4
3 t 8
3 y_1_2 12
3 y_1_2 14
3 y_1_2 18
3 y_1_2 22
3 t 23
3 y_1_2 24
3 x_1_2 28
3 y_1_2 32
3 x_1_2 37
3 t 38
3 x_1_2 41
3 t 42
3 x_1_2 45
3 t 46
3 y_1_2 47
3 t 48
3 x_1_2 51
3 t 52
3 x_1_2 55
3 t 56
3 y_1_2 59
3 x_1_2 60
3 y_1_2 62
3 x_1_2 66
3 x_1_2 70
3 t 71
3 y_1_2 72
3 x_1_2 76
3 x_1_2 80
3 x_1_2 85
3 t 86
3 y_1_2 89
3 t 90
3 x_1_2 93
3 t 94
3 x_1_2 95
3 t 96
3 y_1_2 99
3 t 100
3 x_1_2 103
3 t 104
3 y_1_2 107
3 y_1_2 108
3 x_1_2 110
3 x_1_2 114
3 x_1_2 118
3 t 119
3 y_1_2 120
3 y_1_2 124
3 x_1_2 128
4 cz 0 12
4 cz 48 60
4 cz 96 108
4 cz 25 37
4 cz 73 85
4 cz 2 14
4 cz 50 62
4 cz 98 110
4 cz 27 39
4 cz 75 87
4 cz 4 16
4 cz 52 64
4 cz 100 112
4 cz 29 41
4 cz 77 89
4 cz 6 18
4 cz 54 66
4 cz 102 114
4 cz 31 43
4 cz 79 91
4 cz 8 20
4 cz 56 68
