132
34 cz 37 49
34 cz 85 97
34 cz 14 26
34 cz 62 74
34 cz 110 122
34 cz 39 51
34 cz 87 99
34 cz 16 28
34 cz 64 76
34 cz 112 124
34 cz 41 53
34 cz 89 101
34 cz 18 30
34 cz 66 78
34 cz 114 126
34 cz 43 55
34 cz 91 103
34 cz 20 32
34 cz 68 80
34 cz 116 128
34 cz 45 57
34 cz 93 105
34 cz 22 34
34 cz 70 82
34 cz 118 130
34 cz 47 59
34 cz 95 107
34 x_1_2 0
34 x_1_2 1
34 t 3
34 y_1_2 4
34 y_1_2 5
34 t 7
34 x_1_2 8
34 y_1_2 9
34 t 11
34 t 13
34 y_1_2 15
34 t 17
34 x_1_2 19
34 t 21
34 x_1_2 23
34 x_1_2 25
34 x_1_2 29
34 y_1_2 33
34 t 36
34 y_1_2 38
34 t 40
34 x_1_2 42
34 t 44
34 x_1_2 46
34 y_1_2 48
34 x_1_2 52
34 x_1_2 56
34 t 61
34 x_1_2 63
34 t 65
34 x_1_2 67
34 t 69
34 x_1_2 71
34 x_1_2 73
34 x_1_2 77
34 y_1_2 81
34 t 84
34 y_1_2 86
34 t 88
34 x_1_2 90
34 t 92
34 y_1_2 94
34 x_1_2 96
34 y_1_2 100
34 x_1_2 104
34 t 109
34 y_1_2 111
34 t 113
34 x_1_2 115
34 t 117
34 y_1_2 119
34 y_1_2 121
34 y_1_2 125
34 y_1_2 129
35 cz 1 2
35 cz 5 6
35 cz 9 10
35 cz 15 16
35 cz 19 20
35 cz 25 26
35 cz 29 30
35 cz 33 34
35 cz 39 40
35 cz 43 44
35 cz 49 50
35 cz 53 54
35 cz 57 58
35 cz 63 64
35 cz 67 68
35 cz 73 74
35 cz 77 78
35 cz 81 82
35 cz 87 88
