132
1 t 69
1 t 74
1 t 75
1 t 78
1 t 79
1 t 82
1 t 83
1 t 84
1 t 85
1 t 88
1 t 89
1 t 92
1 t 93
1 t 98
1 t 99
1 t 102
1 t 103
1 t 106
1 t 107
1 t 108
1 t 109
1 t 112
1 t 113
1 t 116
1 t 117
1 t 122
1 t 123
1 t 126
1 t 127
1 t 130
1 t 131
2 cz 12 24
2 cz 60 72
2 cz 108 120
2 cz 37 49
2 cz 85 97
2 cz 14 26
2 cz 62 74
2 cz 110 122
2 cz 39 51
2 cz 87 99
2 cz 16 28
2 cz 64 76
2 cz 112 124
2 cz 41 53
2 cz 89 101
2 cz 18 30
2 cz 66 78
2 cz 114 126
2 cz 43 55
2 cz 91 103
2 cz 20 32
2 cz 68 80
2 cz 116 128
2 cz 45 57
2 cz 93 105
2 cz 22 34
2 cz 70 82
2 cz 118 130
2 cz 47 59
2 cz 95 107
2 x_1_2 0
2 x_1_2 1
2 x_1_2 4
2 x_1_2 5
2 x_1_2 8
2 x_1_2 9
2 y_1_2 15
2 y_1_2 19
2 y_1_2 23
2 x_1_2 25
2 y_1_2 29
2 x_1_2 33
2 x_1_2 38
2 x_1_2 42
2 x_1_2 46
2 y_1_2 48
2 y_1_2 52
2 y_1_2 56
2 y_1_2 63
2 x_1_2 67
2 x_1_2 71
2 y_1_2 73
2 y_1_2 77
2 y_1_2 81
2 y_1_2 86
2 x_1_2 90
2 y_1_2 94
2 y_1_2 96
2 y_1_2 100
2 x_1_2 104
2 x_1_2 111
2 x_1_2 115
2 y_1_2 119
2 y_1_2 121
2 y_1_2 125
2 x_1_2 129
3 cz 1 2
3 cz 5 6
3 cz 9 10
