132
43 x_1_2 108
43 x_1_2 110
43 y_1_2 114
43 y_1_2 118
43 t 119
43 y_1_2 120
43 y_1_2 124
43 y_1_2 128
44 cz 0 12
44 cz 48 60
44 cz 96 108
44 cz 25 37
44 cz 73 85
44 cz 2 14
44 cz 50 62
44 cz 98 110
44 cz 27 39
44 cz 75 87
44 cz 4 16
44 cz 52 64
44 cz 100 112
44 cz 29 41
44 cz 77 89
44 cz 6 18
44 cz 54 66
44 cz 102 114
44 cz 31 43
44 cz 79 91
44 cz 8 20
44 cz 56 68
44 cz 104 116
44 cz 33 45
44 cz 81 93
44 cz 10 22
44 cz 58 70
44 cz 106 118
44 cz 35 47
44 cz 83 95
44 y_1_2 1
44 y_1_2 5
44 x_1_2 9
44 y_1_2 15
44 x_1_2 19
44 t 24
44 y_1_2 26
44 t 28
44 y_1_2 30
44 t 32
44 y_1_2 34
44 x_1_2 40
44 y_1_2 44
44 x_1_2 49
44 t 51
44 y_1_2 53
44 t 55
44 y_1_2 57
44 t 59
44 x_1_2 63
44 y_1_2 67
44 t 72
44 y_1_2 74
44 t 76
44 x_1_2 78
44 t 80
44 x_1_2 82
44 y_1_2 88
44 x_1_2 92
44 y_1_2 97
44 t 99
44 x_1_2 101
44 t 103
44 y_1_2 105
44 t 107
44 y_1_2 111
44 x_1_2 115
44 t 120
44 x_1_2 121
44 y_1_2 122
44 t 124
44 x_1_2 125
44 x_1_2 126
44 t 128
44 x_1_2 129
44 x_1_2 130
45 cz 2 3
45 cz 6 7
45 cz 10 11
45 cz 12 13
45 cz 16 17
45 cz 20 21
45 cz 26 27
45 cz 30 31
45 cz 34 35
45 cz 36 37
45 cz 40 41
45 cz 44 45
45 cz 50 51
45 cz 54 55
45 cz 58 59
45 cz 60 61
