132
13 cz 2 3
13 cz 6 7
13 cz 10 11
13 cz 12 13
13 cz 16 17
13 cz 20 21
13 cz 26 27
13 cz 30 31
13 cz 34 35
13 cz 36 37
13 cz 40 41
13 cz 44 45
13 cz 50 51
13 cz 54 55
13 cz 58 59
13 cz 60 61
13 cz 64 65
13 cz 68 69
13 cz 74 75
13 cz 78 79
13 cz 82 83
13 cz 84 85
13 cz 88 89
13 cz 92 93
13 cz 98 99
13 cz 102 103
13 cz 106 107
13 cz 108 109
13 cz 112 113
13 cz 116 117
13 cz 122 123
13 cz 126 127
13 cz 130 131
13 x_1_2 0
13 t 1
13 x_1_2 4
13 t 5
13 x_1_2 8
13 t 9
13 x_1_2 14
13 t 15
13 x_1_2 18
13 t 19
13 x_1_2 22
13 y_1_2 25
13 x_1_2 29
13 y_1_2 33
13 x_1_2 39
13 x_1_2 43
13 x_1_2 47
13 x_1_2 48
13 t 49
13 x_1_2 52
13 t 53
13 y_1_2 56
13 t 57
13 y_1_2 62
13 t 63
13 x_1_2 66
13 t 67
13 x_1_2 70
13 y_1_2 73
13 x_1_2 77
13 y_1_2 81
13 x_1_2 87
13 x_1_2 91
13 y_1_2 95
13 x_1_2 96
13 t 97
13 y_1_2 100
13 t 101
13 y_1_2 104
13 t 105
13 y_1_2 110
13 t 111
13 x_1_2 114
13 t 115
13 y_1_2 118
13 t 121
13 t 125
13 t 129
14 h 0
14 h 1
14 h 2
14 h 3
14 h 4
14 h 5
14 h 6
14 h 7
14 h 8
14 h 9
14 h 10
14 h 11
14 h 12
14 h 13
14 h 14
14 h 15
14 h 16
14 h 17
14 h 18
