132
4 cz 104 116
4 cz 33 45
4 cz 81 93
4 cz 10 22
4 cz 58 70
4 cz 106 118
4 cz 35 47
4 cz 83 95
4 x_1_2 1
4 x_1_2 5
4 y_1_2 9
4 y_1_2 15
4 x_1_2 19
4 t 24
4 y_1_2 26
4 t 28
4 x_1_2 30
4 t 32
4 y_1_2 34
4 x_1_2 40
4 y_1_2 44
4 y_1_2 49
4 t 51
4 y_1_2 53
4 t 55
4 y_1_2 57
4 t 59
4 x_1_2 63
4 x_1_2 67
4 t 72
4 y_1_2 74
4 t 76
4 x_1_2 78
4 t 80
4 x_1_2 82
4 x_1_2 88
4 y_1_2 92
4 x_1_2 97
4 t 99
4 x_1_2 101
4 t 103
4 y_1_2 105
4 t 107
4 x_1_2 111
4 y_1_2 115
4 t 120
4 y_1_2 121
4 x_1_2 122
4 t 124
4 x_1_2 125
4 y_1_2 126
4 t 128
4 y_1_2 129
4 y_1_2 130
5 cz 2 3
5 cz 6 7
5 cz 10 11
5 cz 12 13
5 cz 16 17
5 cz 20 21
5 cz 26 27
5 cz 30 31
5 cz 34 35
5 cz 36 37
5 cz 40 41
5 cz 44 45
5 cz 50 51
5 cz 54 55
5 cz 58 59
5 cz 60 61
5 cz 64 65
5 cz 68 69
5 cz 74 75
5 cz 78 79
5 cz 82 83
5 cz 84 85
5 cz 88 89
5 cz 92 93
5 cz 98 99
5 cz 102 103
5 cz 106 107
5 cz 108 109
5 cz 112 113
5 cz 116 117
5 cz 122 123
5 cz 126 127
5 cz 130 131
5 y_1_2 0
5 t 1
5 y_1_2 4
5 t 5
5 y_1_2 8
5 t 9
5 y_1_2 14
5 t 15
5 x_1_2 18
5 t 19
5 y_1_2 22
5 x_1_2 25
5 x_1_2 29
