132
72 cz 11 23
72 cz 59 71
72 cz 107 119
72 y_1_2 4
72 x_1_2 8
72 y_1_2 14
72 x_1_2 18
72 y_1_2 22
72 t 25
72 y_1_2 27
72 t 29
72 x_1_2 31
72 t 33
72 t 35
72 x_1_2 37
72 x_1_2 41
72 x_1_2 45
72 t 48
72 t 50
72 y_1_2 52
72 t 54
72 x_1_2 56
72 t 58
72 y_1_2 62
72 x_1_2 66
72 y_1_2 70
72 t 73
72 x_1_2 75
72 t 77
72 y_1_2 79
72 t 81
72 t 83
72 x_1_2 85
72 x_1_2 89
72 x_1_2 93
72 t 96
72 t 98
72 x_1_2 100
72 t 102
72 x_1_2 104
72 t 106
72 y_1_2 110
72 x_1_2 114
72 x_1_2 118
72 t 121
72 y_1_2 123
72 y_1_2 124
72 t 125
72 y_1_2 127
72 y_1_2 128
72 t 129
72 t 131
73 cz 0 1
73 cz 4 5
73 cz 8 9
73 cz 14 15
73 cz 18 19
73 cz 22 23
73 cz 24 25
73 cz 28 29
73 cz 32 33
73 cz 38 39
73 cz 42 43
73 cz 46 47
73 cz 48 49
73 cz 52 53
73 cz 56 57
73 cz 62 63
73 cz 66 67
73 cz 70 71
73 cz 72 73
73 cz 76 77
73 cz 80 81
73 cz 86 87
73 cz 90 91
73 cz 94 95
73 cz 96 97
73 cz 100 101
73 cz 104 105
73 cz 110 111
73 cz 114 115
73 cz 118 119
73 cz 120 121
73 cz 124 125
73 cz 128 129
73 x_1_2 3
73 x_1_2 7
73 x_1_2 11
73 y_1_2 13
73 y_1_2 17
73 x_1_2 21
73 x_1_2 26
73 t 27
73 y_1_2 30
73 t 31
73 y_1_2 34
73 x_1_2 36
73 t 37
73 y_1_2 40
73 t 41
