132
35 cz 91 92
35 cz 97 98
35 cz 101 102
35 cz 105 106
35 cz 111 112
35 cz 115 116
35 cz 121 122
35 cz 125 126
35 cz 129 130
35 t 0
35 t 4
35 t 8
35 y_1_2 12
35 x_1_2 14
35 y_1_2 18
35 x_1_2 22
35 t 23
35 x_1_2 24
35 x_1_2 28
35 y_1_2 32
35 x_1_2 37
35 t 38
35 y_1_2 41
35 t 42
35 x_1_2 45
35 t 46
35 x_1_2 47
35 t 48
35 x_1_2 51
35 t 52
35 x_1_2 55
35 t 56
35 y_1_2 59
35 x_1_2 60
35 y_1_2 62
35 y_1_2 66
35 y_1_2 70
35 t 71
35 x_1_2 72
35 y_1_2 76
35 y_1_2 80
35 y_1_2 85
35 t 86
35 x_1_2 89
35 t 90
35 y_1_2 93
35 t 94
35 y_1_2 95
35 t 96
35 x_1_2 99
35 t 100
35 x_1_2 103
35 t 104
35 x_1_2 107
35 x_1_2 108
35 x_1_2 110
35 x_1_2 114
35 y_1_2 118
35 t 119
35 y_1_2 120
35 x_1_2 124
35 y_1_2 128
36 cz 0 12
36 cz 48 60
36 cz 96 108
36 cz 25 37
36 cz 73 85
36 cz 2 14
36 cz 50 62
36 cz 98 110
36 cz 27 39
36 cz 75 87
36 cz 4 16
36 cz 52 64
36 cz 100 112
36 cz 29 41
36 cz 77 89
36 cz 6 18
36 cz 54 66
36 cz 102 114
36 cz 31 43
36 cz 79 91
36 cz 8 20
36 cz 56 68
36 cz 104 116
36 cz 33 45
36 cz 81 93
36 cz 10 22
36 cz 58 70
36 cz 106 118
36 cz 35 47
36 cz 83 95
36 x_1_2 1
36 y_1_2 5
36 y_1_2 9
36 y_1_2 15
36 y_1_2 19
36 t 24
36 x_1_2 26
36 t 28
