132
0 h 100
0 h 101
0 h 102
0 h 103
0 h 104
0 h 105
0 h 106
0 h 107
0 h 108
0 h 109
0 h 110
0 h 111
0 h 112
0 h 113
0 h 114
0 h 115
0 h 116
0 h 117
0 h 118
0 h 119
0 h 120
0 h 121
0 h 122
0 h 123
0 h 124
0 h 125
0 h 126
0 h 127
0 h 128
0 h 129
0 h 130
0 h 131
1 cz 0 1
1 cz 4 5
1 cz 8 9
1 cz 14 15
1 cz 18 19
1 cz 22 23
1 cz 24 25
1 cz 28 29
1 cz 32 33
1 cz 38 39
1 cz 42 43
1 cz 46 47
1 cz 48 49
1 cz 52 53
1 cz 56 57
1 cz 62 63
1 cz 66 67
1 cz 70 71
1 cz 72 73
1 cz 76 77
1 cz 80 81
1 cz 86 87
1 cz 90 91
1 cz 94 95
1 cz 96 97
1 cz 100 101
1 cz 104 105
1 cz 110 111
1 cz 114 115
1 cz 118 119
1 cz 120 121
1 cz 124 125
1 cz 128 129
1 t 2
1 t 3
1 t 6
1 t 7
1 t 10
1 t 11
1 t 12
1 t 13
1 t 16
1 t 17
1 t 20
1 t 21
1 t 26
1 t 27
1 t 30
1 t 31
1 t 34
1 t 35
1 t 36
1 t 37
1 t 40
1 t 41
1 t 44
1 t 45
1 t 50
1 t 51
1 t 54
1 t 55
1 t 58
1 t 59
1 t 60
1 t 61
1 t 64
1 t 65
1 t 68
