132
17 y_1_2 109
17 y_1_2 113
17 y_1_2 117
17 t 123
17 t 127
18 cz 12 24
18 cz 60 72
18 cz 108 120
18 cz 37 49
18 cz 85 97
18 cz 14 26
18 cz 62 74
18 cz 110 122
18 cz 39 51
18 cz 87 99
18 cz 16 28
18 cz 64 76
18 cz 112 124
18 cz 41 53
18 cz 89 101
18 cz 18 30
18 cz 66 78
18 cz 114 126
18 cz 43 55
18 cz 91 103
18 cz 20 32
18 cz 68 80
18 cz 116 128
18 cz 45 57
18 cz 93 105
18 cz 22 34
18 cz 70 82
18 cz 118 130
18 cz 47 59
18 cz 95 107
18 y_1_2 0
18 x_1_2 1
18 t 3
18 y_1_2 4
18 x_1_2 5
18 t 7
18 y_1_2 8
18 y_1_2 9
18 t 11
18 t 13
18 x_1_2 15
18 t 17
18 y_1_2 19
18 t 21
18 y_1_2 23
18 x_1_2 25
18 y_1_2 29
18 x_1_2 33
18 t 36
18 x_1_2 38
18 t 40
18 y_1_2 42
18 t 44
18 x_1_2 46
18 y_1_2 48
18 y_1_2 52
18 x_1_2 56
18 t 61
18 y_1_2 63
18 t 65
18 y_1_2 67
18 t 69
18 y_1_2 71
18 x_1_2 73
18 y_1_2 77
18 y_1_2 81
18 t 84
18 x_1_2 86
18 t 88
18 x_1_2 90
18 t 92
18 x_1_2 94
18 x_1_2 96
18 y_1_2 100
18 y_1_2 104
18 t 109
18 x_1_2 111
18 t 113
18 y_1_2 115
18 t 117
18 y_1_2 119
18 x_1_2 121
18 y_1_2 125
18 y_1_2 129
19 cz 1 2
19 cz 5 6
19 cz 9 10
19 cz 15 16
19 cz 19 20
19 cz 25 26
19 cz 29 30
19 cz 33 34
19 cz 39 40
19 cz 43 44
19 cz 49 50
