132
69 t 121
69 t 125
69 t 129
70 cz 36 48
70 cz 84 96
70 cz 13 25
70 cz 61 73
70 cz 109 121
70 cz 38 50
70 cz 86 98
70 cz 15 27
70 cz 63 75
70 cz 111 123
70 cz 40 52
70 cz 88 100
70 cz 17 29
70 cz 65 77
70 cz 113 125
70 cz 42 54
70 cz 90 102
70 cz 19 31
70 cz 67 79
70 cz 115 127
70 cz 44 56
70 cz 92 104
70 cz 21 33
70 cz 69 81
70 cz 117 129
70 cz 46 58
70 cz 94 106
70 cz 23 35
70 cz 71 83
70 cz 119 131
70 t 0
70 y_1_2 2
70 x_1_2 3
70 t 4
70 x_1_2 6
70 y_1_2 7
70 t 8
70 x_1_2 10
70 y_1_2 11
70 x_1_2 12
70 t 14
70 y_1_2 16
70 t 18
70 x_1_2 20
70 t 22
70 y_1_2 26
70 x_1_2 30
70 y_1_2 34
70 x_1_2 37
70 t 39
70 x_1_2 41
70 t 43
70 y_1_2 45
70 t 47
70 y_1_2 51
70 x_1_2 55
70 y_1_2 59
70 y_1_2 60
70 t 62
70 x_1_2 64
70 t 66
70 y_1_2 68
70 t 70
70 x_1_2 74
70 y_1_2 78
70 x_1_2 82
70 y_1_2 85
70 t 87
70 y_1_2 89
70 t 91
70 x_1_2 93
70 t 95
70 y_1_2 99
70 x_1_2 103
70 y_1_2 107
70 x_1_2 108
70 t 110
70 x_1_2 112
70 t 114
70 y_1_2 116
70 t 118
70 x_1_2 122
70 x_1_2 126
70 y_1_2 130
71 cz 3 4
71 cz 7 8
71 cz 13 14
71 cz 17 18
71 cz 21 22
71 cz 27 28
71 cz 31 32
71 cz 37 38
71 cz 41 42
71 cz 45 46
71 cz 51 52
71 cz 55 56
71 cz 61 62
