132
76 cz 27 39
76 cz 75 87
76 cz 4 16
76 cz 52 64
76 cz 100 112
76 cz 29 41
76 cz 77 89
76 cz 6 18
76 cz 54 66
76 cz 102 114
76 cz 31 43
76 cz 79 91
76 cz 8 20
76 cz 56 68
76 cz 104 116
76 cz 33 45
76 cz 81 93
76 cz 10 22
76 cz 58 70
76 cz 106 118
76 cz 35 47
76 cz 83 95
76 x_1_2 1
76 y_1_2 5
76 x_1_2 9
76 y_1_2 15
76 y_1_2 19
76 t 24
76 x_1_2 26
76 t 28
76 x_1_2 30
76 t 32
76 y_1_2 34
76 y_1_2 40
76 x_1_2 44
76 x_1_2 49
76 t 51
76 x_1_2 53
76 t 55
76 x_1_2 57
76 t 59
76 y_1_2 63
76 y_1_2 67
76 t 72
76 y_1_2 74
76 t 76
76 y_1_2 78
76 t 80
76 x_1_2 82
76 x_1_2 88
76 y_1_2 92
76 y_1_2 97
76 t 99
76 y_1_2 101
76 t 103
76 y_1_2 105
76 t 107
76 y_1_2 111
76 y_1_2 115
76 t 120
76 y_1_2 121
76 x_1_2 122
76 t 124
76 x_1_2 125
76 x_1_2 126
76 t 128
76 x_1_2 129
76 x_1_2 130
77 cz 2 3
77 cz 6 7
77 cz 10 11
77 cz 12 13
77 cz 16 17
77 cz 20 21
77 cz 26 27
77 cz 30 31
77 cz 34 35
77 cz 36 37
77 cz 40 41
77 cz 44 45
77 cz 50 51
77 cz 54 55
77 cz 58 59
77 cz 60 61
77 cz 64 65
77 cz 68 69
77 cz 74 75
77 cz 78 79
77 cz 82 83
77 cz 84 85
77 cz 88 89
77 cz 92 93
77 cz 98 99
77 cz 102 103
77 cz 106 107
77 cz 108 109
77 cz 112 113
77 cz 116 117
77 cz 122 123
77 cz 126 127
