132
29 cz 34 35
29 cz 36 37
29 cz 40 41
29 cz 44 45
29 cz 50 51
29 cz 54 55
29 cz 58 59
29 cz 60 61
29 cz 64 65
29 cz 68 69
29 cz 74 75
29 cz 78 79
29 cz 82 83
29 cz 84 85
29 cz 88 89
29 cz 92 93
29 cz 98 99
29 cz 102 103
29 cz 106 107
29 cz 108 109
29 cz 112 113
29 cz 116 117
29 cz 122 123
29 cz 126 127
29 cz 130 131
29 x_1_2 0
29 t 1
29 x_1_2 4
29 t 5
29 y_1_2 8
29 t 9
29 y_1_2 14
29 t 15
29 y_1_2 18
29 t 19
29 y_1_2 22
29 y_1_2 25
29 y_1_2 29
29 y_1_2 33
29 x_1_2 39
29 y_1_2 43
29 y_1_2 47
29 x_1_2 48
29 t 49
29 x_1_2 52
29 t 53
29 x_1_2 56
29 t 57
29 x_1_2 62
29 t 63
29 y_1_2 66
29 t 67
29 y_1_2 70
29 y_1_2 73
29 x_1_2 77
29 y_1_2 81
29 x_1_2 87
29 y_1_2 91
29 x_1_2 95
29 x_1_2 96
29 t 97
29 x_1_2 100
29 t 101
29 y_1_2 104
29 t 105
29 y_1_2 110
29 t 111
29 x_1_2 114
29 t 115
29 y_1_2 118
29 t 121
29 t 125
29 t 129
30 cz 36 48
30 cz 84 96
30 cz 13 25
30 cz 61 73
30 cz 109 121
30 cz 38 50
30 cz 86 98
30 cz 15 27
30 cz 63 75
30 cz 111 123
30 cz 40 52
30 cz 88 100
30 cz 17 29
30 cz 65 77
30 cz 113 125
30 cz 42 54
30 cz 90 102
30 cz 19 31
30 cz 67 79
30 cz 115 127
30 cz 44 56
30 cz 92 104
30 cz 21 33
30 cz 69 81
30 cz 117 129
30 cz 46 58
30 cz 94 106
