132
32 t 81
32 t 83
32 x_1_2 85
32 y_1_2 89
32 x_1_2 93
32 t 96
32 t 98
32 x_1_2 100
32 t 102
32 x_1_2 104
32 t 106
32 y_1_2 110
32 x_1_2 114
32 x_1_2 118
32 t 121
32 y_1_2 123
32 y_1_2 124
32 t 125
32 x_1_2 127
32 x_1_2 128
32 t 129
32 t 131
33 cz 0 1
33 cz 4 5
33 cz 8 9
33 cz 14 15
33 cz 18 19
33 cz 22 23
33 cz 24 25
33 cz 28 29
33 cz 32 33
33 cz 38 39
33 cz 42 43
33 cz 46 47
33 cz 48 49
33 cz 52 53
33 cz 56 57
33 cz 62 63
33 cz 66 67
33 cz 70 71
33 cz 72 73
33 cz 76 77
33 cz 80 81
33 cz 86 87
33 cz 90 91
33 cz 94 95
33 cz 96 97
33 cz 100 101
33 cz 104 105
33 cz 110 111
33 cz 114 115
33 cz 118 119
33 cz 120 121
33 cz 124 125
33 cz 128 129
33 y_1_2 3
33 x_1_2 7
33 y_1_2 11
33 y_1_2 13
33 y_1_2 17
33 x_1_2 21
33 x_1_2 26
33 t 27
33 x_1_2 30
33 t 31
33 x_1_2 34
33 y_1_2 36
33 t 37
33 y_1_2 40
33 t 41
33 x_1_2 44
33 t 45
33 y_1_2 51
33 x_1_2 55
33 x_1_2 59
33 x_1_2 61
33 x_1_2 65
33 x_1_2 69
33 y_1_2 74
33 t 75
33 x_1_2 78
33 t 79
33 x_1_2 82
33 x_1_2 84
33 t 85
33 y_1_2 88
33 t 89
33 y_1_2 92
33 t 93
33 x_1_2 99
33 y_1_2 103
33 x_1_2 107
33 y_1_2 109
33 y_1_2 113
33 x_1_2 117
33 t 123
33 t 127
34 cz 12 24
34 cz 60 72
34 cz 108 120
