132
9 cz 66 67
9 cz 70 71
9 cz 72 73
9 cz 76 77
9 cz 80 81
9 cz 86 87
9 cz 90 91
9 cz 94 95
9 cz 96 97
9 cz 100 101
9 cz 104 105
9 cz 110 111
9 cz 114 115
9 cz 118 119
9 cz 120 121
9 cz 124 125
9 cz 128 129
9 y_1_2 3
9 y_1_2 7
9 x_1_2 11
9 y_1_2 13
9 x_1_2 17
9 x_1_2 21
9 x_1_2 26
9 t 27
9 y_1_2 30
9 t 31
9 y_1_2 34
9 y_1_2 36
9 t 37
9 x_1_2 40
9 t 41
9 y_1_2 44
9 t 45
9 y_1_2 51
9 x_1_2 55
9 y_1_2 59
9 x_1_2 61
9 x_1_2 65
9 x_1_2 69
9 y_1_2 74
9 t 75
9 y_1_2 78
9 t 79
9 y_1_2 82
9 x_1_2 84
9 t 85
9 x_1_2 88
9 t 89
9 y_1_2 92
9 t 93
9 y_1_2 99
9 x_1_2 103
9 y_1_2 107
9 x_1_2 109
9 x_1_2 113
9 y_1_2 117
9 t 123
9 t 127
10 cz 12 24
10 cz 60 72
10 cz 108 120
10 cz 37 49
10 cz 85 97
10 cz 14 26
10 cz 62 74
10 cz 110 122
10 cz 39 51
10 cz 87 99
10 cz 16 28
10 cz 64 76
10 cz 112 124
10 cz 41 53
10 cz 89 101
10 cz 18 30
10 cz 66 78
10 cz 114 126
10 cz 43 55
10 cz 91 103
10 cz 20 32
10 cz 68 80
10 cz 116 128
10 cz 45 57
10 cz 93 105
10 cz 22 34
10 cz 70 82
10 cz 118 130
10 cz 47 59
10 cz 95 107
10 x_1_2 0
10 x_1_2 1
10 t 3
10 y_1_2 4
10 x_1_2 5
10 t 7
10 x_1_2 8
10 x_1_2 9
10 t 11
10 t 13
10 x_1_2 15
