132
19 cz 53 54
19 cz 57 58
19 cz 63 64
19 cz 67 68
19 cz 73 74
19 cz 77 78
19 cz 81 82
19 cz 87 88
19 cz 91 92
19 cz 97 98
19 cz 101 102
19 cz 105 106
19 cz 111 112
19 cz 115 116
19 cz 121 122
19 cz 125 126
19 cz 129 130
19 t 0
19 t 4
19 t 8
19 y_1_2 12
19 x_1_2 14
19 x_1_2 18
19 x_1_2 22
19 t 23
19 y_1_2 24
19 y_1_2 28
19 x_1_2 32
19 x_1_2 37
19 t 38
19 y_1_2 41
19 t 42
19 x_1_2 45
19 t 46
19 y_1_2 47
19 t 48
19 y_1_2 51
19 t 52
19 y_1_2 55
19 t 56
19 x_1_2 59
19 y_1_2 60
19 y_1_2 62
19 x_1_2 66
19 x_1_2 70
19 t 71
19 y_1_2 72
19 x_1_2 76
19 x_1_2 80
19 y_1_2 85
19 t 86
19 y_1_2 89
19 t 90
19 x_1_2 93
19 t 94
19 y_1_2 95
19 t 96
19 y_1_2 99
19 t 100
19 x_1_2 103
19 t 104
19 y_1_2 107
19 y_1_2 108
19 y_1_2 110
19 x_1_2 114
19 y_1_2 118
19 t 119
19 x_1_2 120
19 y_1_2 124
19 x_1_2 128
20 cz 0 12
20 cz 48 60
20 cz 96 108
20 cz 25 37
20 cz 73 85
20 cz 2 14
20 cz 50 62
20 cz 98 110
20 cz 27 39
20 cz 75 87
20 cz 4 16
20 cz 52 64
20 cz 100 112
20 cz 29 41
20 cz 77 89
20 cz 6 18
20 cz 54 66
20 cz 102 114
20 cz 31 43
20 cz 79 91
20 cz 8 20
20 cz 56 68
20 cz 104 116
20 cz 33 45
20 cz 81 93
20 cz 10 22
20 cz 58 70
20 cz 106 118
20 cz 35 47
20 cz 83 95
