132
53 t 101
53 x_1_2 104
53 t 105
53 y_1_2 110
53 t 111
53 x_1_2 114
53 t 115
53 y_1_2 118
53 t 121
53 t 125
53 t 129
54 cz 36 48
54 cz 84 96
54 cz 13 25
54 cz 61 73
54 cz 109 121
54 cz 38 50
54 cz 86 98
54 cz 15 27
54 cz 63 75
54 cz 111 123
54 cz 40 52
54 cz 88 100
54 cz 17 29
54 cz 65 77
54 cz 113 125
54 cz 42 54
54 cz 90 102
54 cz 19 31
54 cz 67 79
54 cz 115 127
54 cz 44 56
54 cz 92 104
54 cz 21 33
54 cz 69 81
54 cz 117 129
54 cz 46 58
54 cz 94 106
54 cz 23 35
54 cz 71 83
54 cz 119 131
54 t 0
54 x_1_2 2
54 y_1_2 3
54 t 4
54 x_1_2 6
54 x_1_2 7
54 t 8
54 x_1_2 10
54 y_1_2 11
54 y_1_2 12
54 t 14
54 y_1_2 16
54 t 18
54 y_1_2 20
54 t 22
54 x_1_2 26
54 y_1_2 30
54 x_1_2 34
54 x_1_2 37
54 t 39
54 y_1_2 41
54 t 43
54 x_1_2 45
54 t 47
54 x_1_2 51
54 x_1_2 55
54 x_1_2 59
54 x_1_2 60
54 t 62
54 x_1_2 64
54 t 66
54 y_1_2 68
54 t 70
54 y_1_2 74
54 y_1_2 78
54 y_1_2 82
54 x_1_2 85
54 t 87
54 y_1_2 89
54 t 91
54 x_1_2 93
54 t 95
54 x_1_2 99
54 y_1_2 103
54 y_1_2 107
54 y_1_2 108
54 t 110
54 x_1_2 112
54 t 114
54 x_1_2 116
54 t 118
54 x_1_2 122
54 x_1_2 126
54 y_1_2 130
55 cz 3 4
55 cz 7 8
55 cz 13 14
55 cz 17 18
55 cz 21 22
