132
16 t 58
16 y_1_2 62
16 y_1_2 66
16 y_1_2 70
16 t 73
16 y_1_2 75
16 t 77
16 y_1_2 79
16 t 81
16 t 83
16 x_1_2 85
16 y_1_2 89
16 y_1_2 93
16 t 96
16 t 98
16 y_1_2 100
16 t 102
16 x_1_2 104
16 t 106
16 x_1_2 110
16 x_1_2 114
16 y_1_2 118
16 t 121
16 x_1_2 123
16 y_1_2 124
16 t 125
16 y_1_2 127
16 y_1_2 128
16 t 129
16 t 131
17 cz 0 1
17 cz 4 5
17 cz 8 9
17 cz 14 15
17 cz 18 19
17 cz 22 23
17 cz 24 25
17 cz 28 29
17 cz 32 33
17 cz 38 39
17 cz 42 43
17 cz 46 47
17 cz 48 49
17 cz 52 53
17 cz 56 57
17 cz 62 63
17 cz 66 67
17 cz 70 71
17 cz 72 73
17 cz 76 77
17 cz 80 81
17 cz 86 87
17 cz 90 91
17 cz 94 95
17 cz 96 97
17 cz 100 101
17 cz 104 105
17 cz 110 111
17 cz 114 115
17 cz 118 119
17 cz 120 121
17 cz 124 125
17 cz 128 129
17 y_1_2 3
17 y_1_2 7
17 x_1_2 11
17 y_1_2 13
17 y_1_2 17
17 x_1_2 21
17 y_1_2 26
17 t 27
17 x_1_2 30
17 t 31
17 y_1_2 34
17 x_1_2 36
17 t 37
17 x_1_2 40
17 t 41
17 x_1_2 44
17 t 45
17 x_1_2 51
17 x_1_2 55
17 y_1_2 59
17 y_1_2 61
17 x_1_2 65
17 y_1_2 69
17 x_1_2 74
17 t 75
17 x_1_2 78
17 t 79
17 x_1_2 82
17 x_1_2 84
17 t 85
17 y_1_2 88
17 t 89
17 y_1_2 92
17 t 93
17 y_1_2 99
17 y_1_2 103
17 y_1_2 107
