132
68 y_1_2 78
68 t 80
68 x_1_2 82
68 y_1_2 88
68 x_1_2 92
68 x_1_2 97
68 t 99
68 y_1_2 101
68 t 103
68 y_1_2 105
68 t 107
68 x_1_2 111
68 x_1_2 115
68 t 120
68 y_1_2 121
68 x_1_2 122
68 t 124
68 x_1_2 125
68 y_1_2 126
68 t 128
68 x_1_2 129
68 y_1_2 130
69 cz 2 3
69 cz 6 7
69 cz 10 11
69 cz 12 13
69 cz 16 17
69 cz 20 21
69 cz 26 27
69 cz 30 31
69 cz 34 35
69 cz 36 37
69 cz 40 41
69 cz 44 45
69 cz 50 51
69 cz 54 55
69 cz 58 59
69 cz 60 61
69 cz 64 65
69 cz 68 69
69 cz 74 75
69 cz 78 79
69 cz 82 83
69 cz 84 85
69 cz 88 89
69 cz 92 93
69 cz 98 99
69 cz 102 103
69 cz 106 107
69 cz 108 109
69 cz 112 113
69 cz 116 117
69 cz 122 123
69 cz 126 127
69 cz 130 131
69 y_1_2 0
69 t 1
69 y_1_2 4
69 t 5
69 y_1_2 8
69 t 9
69 x_1_2 14
69 t 15
69 y_1_2 18
69 t 19
69 y_1_2 22
69 x_1_2 25
69 y_1_2 29
69 x_1_2 33
69 x_1_2 39
69 y_1_2 43
69 x_1_2 47
69 x_1_2 48
69 t 49
69 y_1_2 52
69 t 53
69 y_1_2 56
69 t 57
69 y_1_2 62
69 t 63
69 x_1_2 66
69 t 67
69 x_1_2 70
69 x_1_2 73
69 y_1_2 77
69 x_1_2 81
69 y_1_2 87
69 x_1_2 91
69 y_1_2 95
69 x_1_2 96
69 t 97
69 x_1_2 100
69 t 101
69 x_1_2 104
69 t 105
69 x_1_2 110
69 t 111
69 y_1_2 114
69 t 115
69 x_1_2 118
