132
48 t 102
48 y_1_2 104
48 t 106
48 x_1_2 110
48 y_1_2 114
48 y_1_2 118
48 t 121
48 x_1_2 123
48 x_1_2 124
48 t 125
48 y_1_2 127
48 y_1_2 128
48 t 129
48 t 131
49 cz 0 1
49 cz 4 5
49 cz 8 9
49 cz 14 15
49 cz 18 19
49 cz 22 23
49 cz 24 25
49 cz 28 29
49 cz 32 33
49 cz 38 39
49 cz 42 43
49 cz 46 47
49 cz 48 49
49 cz 52 53
49 cz 56 57
49 cz 62 63
49 cz 66 67
49 cz 70 71
49 cz 72 73
49 cz 76 77
49 cz 80 81
49 cz 86 87
49 cz 90 91
49 cz 94 95
49 cz 96 97
49 cz 100 101
49 cz 104 105
49 cz 110 111
49 cz 114 115
49 cz 118 119
49 cz 120 121
49 cz 124 125
49 cz 128 129
49 y_1_2 3
49 x_1_2 7
49 y_1_2 11
49 x_1_2 13
49 y_1_2 17
49 x_1_2 21
49 x_1_2 26
49 t 27
49 y_1_2 30
49 t 31
49 y_1_2 34
49 y_1_2 36
49 t 37
49 y_1_2 40
49 t 41
49 x_1_2 44
49 t 45
49 x_1_2 51
49 y_1_2 55
49 y_1_2 59
49 x_1_2 61
49 x_1_2 65
49 x_1_2 69
49 x_1_2 74
49 t 75
49 y_1_2 78
49 t 79
49 x_1_2 82
49 x_1_2 84
49 t 85
49 x_1_2 88
49 t 89
49 y_1_2 92
49 t 93
49 y_1_2 99
49 y_1_2 103
49 y_1_2 107
49 y_1_2 109
49 y_1_2 113
49 x_1_2 117
49 t 123
49 t 127
50 cz 12 24
50 cz 60 72
50 cz 108 120
50 cz 37 49
50 cz 85 97
50 cz 14 26
50 cz 62 74
50 cz 110 122
50 cz 39 51
50 cz 87 99
50 cz 16 28
