132
7 x_1_2 125
7 t 126
7 x_1_2 129
7 t 130
7 y_1_2 131
8 cz 24 36
8 cz 72 84
8 cz 1 13
8 cz 49 61
8 cz 97 109
8 cz 26 38
8 cz 74 86
8 cz 3 15
8 cz 51 63
8 cz 99 111
8 cz 28 40
8 cz 76 88
8 cz 5 17
8 cz 53 65
8 cz 101 113
8 cz 30 42
8 cz 78 90
8 cz 7 19
8 cz 55 67
8 cz 103 115
8 cz 32 44
8 cz 80 92
8 cz 9 21
8 cz 57 69
8 cz 105 117
8 cz 34 46
8 cz 82 94
8 cz 11 23
8 cz 59 71
8 cz 107 119
8 y_1_2 4
8 x_1_2 8
8 y_1_2 14
8 y_1_2 18
8 x_1_2 22
8 t 25
8 y_1_2 27
8 t 29
8 x_1_2 31
8 t 33
8 t 35
8 y_1_2 37
8 x_1_2 41
8 x_1_2 45
8 t 48
8 t 50
8 x_1_2 52
8 t 54
8 y_1_2 56
8 t 58
8 x_1_2 62
8 x_1_2 66
8 y_1_2 70
8 t 73
8 y_1_2 75
8 t 77
8 y_1_2 79
8 t 81
8 t 83
8 x_1_2 85
8 y_1_2 89
8 y_1_2 93
8 t 96
8 t 98
8 x_1_2 100
8 t 102
8 y_1_2 104
8 t 106
8 x_1_2 110
8 x_1_2 114
8 y_1_2 118
8 t 121
8 x_1_2 123
8 y_1_2 124
8 t 125
8 x_1_2 127
8 y_1_2 128
8 t 129
8 t 131
9 cz 0 1
9 cz 4 5
9 cz 8 9
9 cz 14 15
9 cz 18 19
9 cz 22 23
9 cz 24 25
9 cz 28 29
9 cz 32 33
9 cz 38 39
9 cz 42 43
9 cz 46 47
9 cz 48 49
9 cz 52 53
9 cz 56 57
9 cz 62 63
