132
60 cz 0 12
60 cz 48 60
60 cz 96 108
60 cz 25 37
60 cz 73 85
60 cz 2 14
60 cz 50 62
60 cz 98 110
60 cz 27 39
60 cz 75 87
60 cz 4 16
60 cz 52 64
60 cz 100 112
60 cz 29 41
60 cz 77 89
60 cz 6 18
60 cz 54 66
60 cz 102 114
60 cz 31 43
60 cz 79 91
60 cz 8 20
60 cz 56 68
60 cz 104 116
60 cz 33 45
60 cz 81 93
60 cz 10 22
60 cz 58 70
60 cz 106 118
60 cz 35 47
60 cz 83 95
60 x_1_2 1
60 x_1_2 5
60 y_1_2 9
60 x_1_2 15
60 y_1_2 19
60 t 24
60 x_1_2 26
60 t 28
60 y_1_2 30
60 t 32
60 x_1_2 34
60 y_1_2 40
60 y_1_2 44
60 y_1_2 49
60 t 51
60 x_1_2 53
60 t 55
60 y_1_2 57
60 t 59
60 x_1_2 63
60 y_1_2 67
60 t 72
60 x_1_2 74
60 t 76
60 y_1_2 78
60 t 80
60 y_1_2 82
60 x_1_2 88
60 y_1_2 92
60 y_1_2 97
60 t 99
60 y_1_2 101
60 t 103
60 x_1_2 105
60 t 107
60 y_1_2 111
60 x_1_2 115
60 t 120
60 x_1_2 121
60 x_1_2 122
60 t 124
60 x_1_2 125
60 y_1_2 126
60 t 128
60 x_1_2 129
60 x_1_2 130
61 cz 2 3
61 cz 6 7
61 cz 10 11
61 cz 12 13
61 cz 16 17
61 cz 20 21
61 cz 26 27
61 cz 30 31
61 cz 34 35
61 cz 36 37
61 cz 40 41
61 cz 44 45
61 cz 50 51
61 cz 54 55
61 cz 58 59
61 cz 60 61
61 cz 64 65
61 cz 68 69
61 cz 74 75
61 cz 78 79
61 cz 82 83
61 cz 84 85
61 cz 88 89
61 cz 92 93
