132
71 cz 65 66
71 cz 69 70
71 cz 75 76
71 cz 79 80
71 cz 85 86
71 cz 89 90
71 cz 93 94
71 cz 99 100
71 cz 103 104
71 cz 109 110
71 cz 113 114
71 cz 117 118
71 cz 123 124
71 cz 127 128
71 t 2
71 t 6
71 t 10
71 t 11
71 t 12
71 x_1_2 15
71 t 16
71 x_1_2 19
71 t 20
71 y_1_2 23
71 x_1_2 25
71 t 26
71 x_1_2 29
71 t 30
71 y_1_2 33
71 t 34
71 x_1_2 35
71 x_1_2 36
71 y_1_2 40
71 x_1_2 44
71 x_1_2 48
71 y_1_2 50
71 y_1_2 54
71 x_1_2 58
71 t 59
71 t 60
71 x_1_2 63
71 t 64
71 y_1_2 67
71 t 68
71 x_1_2 71
71 y_1_2 73
71 t 74
71 x_1_2 77
71 t 78
71 y_1_2 81
71 t 82
71 y_1_2 83
71 x_1_2 84
71 x_1_2 88
71 x_1_2 92
71 y_1_2 96
71 x_1_2 98
71 y_1_2 102
71 y_1_2 106
71 t 107
71 t 108
71 x_1_2 111
71 t 112
71 x_1_2 115
71 t 116
71 y_1_2 119
71 x_1_2 121
71 t 122
71 y_1_2 125
71 t 126
71 x_1_2 129
71 t 130
71 y_1_2 131
72 cz 24 36
72 cz 72 84
72 cz 1 13
72 cz 49 61
72 cz 97 109
72 cz 26 38
72 cz 74 86
72 cz 3 15
72 cz 51 63
72 cz 99 111
72 cz 28 40
72 cz 76 88
72 cz 5 17
72 cz 53 65
72 cz 101 113
72 cz 30 42
72 cz 78 90
72 cz 7 19
72 cz 55 67
72 cz 103 115
72 cz 32 44
72 cz 80 92
72 cz 9 21
72 cz 57 69
72 cz 105 117
72 cz 34 46
72 cz 82 94
