30
22 y_1_2 9
22 t 12
22 is 13 19
22 y_1_2 14
22 is 15 21
22 t 16
22 is 17 23
22 x_1_2 22
22 x_1_2 24
22 is 25 28
22 t 26
23 t 2
23 is 3 4
23 x_1_2 5
23 is 6 7
23 x_1_2 8
23 t 9
23 is 10 11
23 y_1_2 13
23 is 14 15
23 y_1_2 17
23 is 18 19
23 x_1_2 21
23 is 22 23
23 t 24
23 is 25 26
23 y_1_2 28
24 is 0 3
24 y_1_2 4
24 t 5
24 y_1_2 6
24 is 7 13
24 t 8
24 is 9 15
24 y_1_2 10
24 is 11 17
24 y_1_2 14
24 x_1_2 18
24 y_1_2 19
24 is 20 25
24 t 21
24 is 22 27
24 x_1_2 23
24 x_1_2 26
24 t 28
25 y_1_2 0
25 y_1_2 3
25 is 4 5
25 t 6
25 is 7 8
25 x_1_2 9
25 t 10
25 y_1_2 11
25 y_1_2 13
25 t 14
25 is 15 16
25 y_1_2 17
25 t 18
25 is 19 20
25 x_1_2 22
25 t 23
25 y_1_2 25
25 is 26 27
26 t 0
26 is 2 7
26 t 3
26 is 4 9
26 x_1_2 5
26 y_1_2 8
26 t 11
26 is 12 18
26 t 13
26 is 14 20
26 x_1_2 15
26 is 16 22
26 t 17
26 y_1_2 19
26 t 25
26 is 26 29
26 y_1_2 27
27 is 0 1
27 y_1_2 2
27 x_1_2 4
27 t 5
27 y_1_2 7
27 is 8 9
27 is 12 13
27 y_1_2 14
27 t 15
27 is 16 17
27 y_1_2 18
27 t 19
27 is 20 21
27 x_1_2 22
27 y_1_2 26
27 t 27
27 is 28 29
28 y_1_2 0
28 is 1 4
28 t 2
