30
10 y_1_2 19
10 t 25
10 is 26 29
10 y_1_2 27
11 is 0 1
11 y_1_2 2
11 y_1_2 4
11 t 5
11 x_1_2 7
11 is 8 9
11 is 12 13
11 y_1_2 14
11 t 15
11 is 16 17
11 y_1_2 18
11 t 19
11 is 20 21
11 x_1_2 22
11 x_1_2 26
11 t 27
11 is 28 29
12 y_1_2 0
12 is 1 4
12 t 2
12 is 6 12
12 t 7
12 is 8 14
12 y_1_2 9
12 is 10 16
12 x_1_2 13
12 y_1_2 17
12 t 18
12 is 19 24
12 x_1_2 20
12 is 21 26
12 t 22
12 x_1_2 28
12 x_1_2 29
13 t 0
13 y_1_2 1
13 is 2 3
13 y_1_2 4
13 x_1_2 6
13 y_1_2 8
13 is 9 10
13 x_1_2 12
13 is 13 14
13 y_1_2 16
13 t 17
13 x_1_2 19
13 t 20
13 is 21 22
13 is 24 25
13 y_1_2 26
13 t 28
13 t 29
14 t 1
14 y_1_2 2
14 is 3 8
14 t 4
14 is 5 10
14 t 6
14 y_1_2 9
14 t 12
14 is 13 19
14 y_1_2 14
14 is 15 21
14 t 16
14 is 17 23
14 x_1_2 22
14 x_1_2 24
14 is 25 28
14 t 26
15 t 2
15 is 3 4
15 y_1_2 5
15 is 6 7
15 x_1_2 8
15 t 9
15 is 10 11
15 x_1_2 13
15 is 14 15
15 x_1_2 17
15 is 18 19
15 y_1_2 21
15 is 22 23
15 t 24
15 is 25 26
15 x_1_2 28
16 is 0 3
16 x_1_2 4
16 t 5
16 y_1_2 6
16 is 7 13
16 t 8
16 is 9 15
16 x_1_2 10
16 is 11 17
16 y_1_2 14
16 y_1_2 18
