30
33 is 26 27
34 t 0
34 is 2 7
34 t 3
34 is 4 9
34 x_1_2 5
34 y_1_2 8
34 t 11
34 is 12 18
34 t 13
34 is 14 20
34 y_1_2 15
34 is 16 22
34 t 17
34 x_1_2 19
34 t 25
34 is 26 29
34 x_1_2 27
35 is 0 1
35 y_1_2 2
35 x_1_2 4
35 t 5
35 y_1_2 7
35 is 8 9
35 is 12 13
35 x_1_2 14
35 t 15
35 is 16 17
35 x_1_2 18
35 t 19
35 is 20 21
35 y_1_2 22
35 y_1_2 26
35 t 27
35 is 28 29
36 x_1_2 0
36 is 1 4
36 t 2
36 is 6 12
36 t 7
36 is 8 14
36 y_1_2 9
36 is 10 16
36 y_1_2 13
36 y_1_2 17
36 t 18
36 is 19 24
36 y_1_2 20
36 is 21 26
36 t 22
36 x_1_2 28
36 y_1_2 29
37 t 0
37 y_1_2 1
37 is 2 3
37 x_1_2 4
37 x_1_2 6
37 x_1_2 8
37 is 9 10
37 y_1_2 12
37 is 13 14
37 x_1_2 16
37 t 17
37 x_1_2 19
37 t 20
37 is 21 22
37 is 24 25
37 y_1_2 26
37 t 28
37 t 29
38 t 1
38 x_1_2 2
38 is 3 8
38 t 4
38 is 5 10
38 t 6
38 x_1_2 9
38 t 12
38 is 13 19
38 x_1_2 14
38 is 15 21
38 t 16
38 is 17 23
38 x_1_2 22
38 x_1_2 24
38 is 25 28
38 t 26
39 t 2
39 is 3 4
39 y_1_2 5
39 is 6 7
39 y_1_2 8
39 t 9
39 is 10 11
39 x_1_2 13
39 is 14 15
39 y_1_2 17
39 is 18 19
39 x_1_2 21
39 is 22 23
