30
5 t 0
5 y_1_2 1
5 is 2 3
5 x_1_2 4
5 x_1_2 6
5 x_1_2 8
5 is 9 10
5 y_1_2 12
5 is 13 14
5 x_1_2 16
5 t 17
5 y_1_2 19
5 t 20
5 is 21 22
5 is 24 25
5 x_1_2 26
5 t 28
5 t 29
6 t 1
6 y_1_2 2
6 is 3 8
6 t 4
6 is 5 10
6 t 6
6 x_1_2 9
6 t 12
6 is 13 19
6 y_1_2 14
6 is 15 21
6 t 16
6 is 17 23
6 x_1_2 22
6 y_1_2 24
6 is 25 28
6 t 26
7 t 2
7 is 3 4
7 y_1_2 5
7 is 6 7
7 y_1_2 8
7 t 9
7 is 10 11
7 x_1_2 13
7 is 14 15
7 x_1_2 17
7 is 18 19
7 y_1_2 21
7 is 22 23
7 t 24
7 is 25 26
7 x_1_2 28
8 is 0 3
8 x_1_2 4
8 t 5
8 y_1_2 6
8 is 7 13
8 t 8
8 is 9 15
8 y_1_2 10
8 is 11 17
8 y_1_2 14
8 y_1_2 18
8 x_1_2 19
8 is 20 25
8 t 21
8 is 22 27
8 x_1_2 23
8 y_1_2 26
8 t 28
9 x_1_2 0
9 y_1_2 3
9 is 4 5
9 t 6
9 is 7 8
9 x_1_2 9
9 t 10
9 y_1_2 11
9 y_1_2 13
9 t 14
9 is 15 16
9 y_1_2 17
9 t 18
9 is 19 20
9 y_1_2 22
9 t 23
9 y_1_2 25
9 is 26 27
10 t 0
10 is 2 7
10 t 3
10 is 4 9
10 x_1_2 5
10 x_1_2 8
10 t 11
10 is 12 18
10 t 13
10 is 14 20
10 y_1_2 15
10 is 16 22
10 t 17
