70
16 is 11 18
16 t 12
16 x_1_2 15
16 is 20 30
16 t 21
16 is 22 32
16 x_1_2 23
16 is 24 34
16 t 25
16 is 26 36
16 y_1_2 27
16 is 28 38
16 y_1_2 31
16 y_1_2 35
16 y_1_2 39
16 t 40
16 is 41 50
16 x_1_2 42
16 is 43 52
16 t 44
16 is 45 54
16 y_1_2 46
16 is 47 56
16 t 48
16 y_1_2 53
16 y_1_2 58
16 x_1_2 59
16 is 60 65
16 t 61
16 is 62 67
16 x_1_2 63
16 x_1_2 66
16 t 68
17 y_1_2 0
17 x_1_2 3
17 is 4 5
17 t 6
17 is 7 8
17 y_1_2 9
17 t 10
17 x_1_2 11
17 is 12 13
17 y_1_2 14
17 t 15
17 is 16 17
17 y_1_2 18
17 y_1_2 20
17 y_1_2 22
17 is 23 24
17 x_1_2 26
17 is 27 28
17 x_1_2 30
17 is 31 32
17 x_1_2 34
17 is 35 36
17 x_1_2 38
17 t 39
17 x_1_2 41
17 t 42
17 is 43 44
17 y_1_2 45
17 t 46
17 is 47 48
17 is 50 51
17 y_1_2 52
17 t 53
17 is 54 55
17 y_1_2 56
17 t 58
17 is 59 60
17 y_1_2 62
17 t 63
17 x_1_2 65
17 is 66 67
18 t 0
18 is 2 7
18 t 3
18 is 4 9
18 x_1_2 5
18 y_1_2 8
18 t 11
18 x_1_2 12
18 is 13 22
18 t 14
18 is 15 24
18 x_1_2 16
18 is 17 26
18 t 18
18 is 19 28
18 t 20
18 x_1_2 23
18 x_1_2 27
18 t 30
18 is 31 41
18 y_1_2 32
18 is 33 43
18 t 34
18 is 35 45
18 y_1_2 36
18 is 37 47
