70
4 t 7
4 is 8 15
4 x_1_2 9
4 is 10 17
4 x_1_2 14
4 y_1_2 18
4 t 19
4 x_1_2 20
4 is 21 31
4 t 22
4 is 23 33
4 y_1_2 24
4 is 25 35
4 t 26
4 is 27 37
4 y_1_2 28
4 is 29 39
4 x_1_2 32
4 x_1_2 36
4 x_1_2 40
4 x_1_2 41
4 is 42 51
4 t 43
4 is 44 53
4 x_1_2 45
4 is 46 55
4 t 47
4 is 48 57
4 y_1_2 49
4 x_1_2 52
4 y_1_2 56
4 t 58
4 is 59 64
4 x_1_2 60
4 is 61 66
4 t 62
4 y_1_2 68
4 y_1_2 69
5 t 0
5 x_1_2 1
5 is 2 3
5 x_1_2 4
5 x_1_2 6
5 y_1_2 8
5 is 9 10
5 x_1_2 13
5 is 14 15
5 x_1_2 17
5 is 18 19
5 t 20
5 is 21 22
5 x_1_2 23
5 t 24
5 is 25 26
5 y_1_2 27
5 t 28
5 x_1_2 29
5 x_1_2 31
5 t 32
5 is 33 34
5 y_1_2 35
5 t 36
5 is 37 38
5 x_1_2 39
5 t 40
5 is 41 42
5 y_1_2 44
5 is 45 46
5 x_1_2 48
5 t 49
5 y_1_2 51
5 is 52 53
5 y_1_2 55
5 is 56 57
5 x_1_2 59
5 t 60
5 is 61 62
5 is 64 65
5 y_1_2 66
5 t 68
5 t 69
6 t 1
6 y_1_2 2
6 is 3 8
6 t 4
6 is 5 10
6 t 6
6 x_1_2 9
6 is 12 21
6 t 13
6 is 14 23
6 x_1_2 15
6 is 16 25
6 t 17
6 is 18 27
6 y_1_2 19
6 y_1_2 22
6 x_1_2 26
6 t 29
6 is 30 40
