70
25 x_1_2 62
25 t 63
25 y_1_2 65
25 is 66 67
26 t 0
26 is 2 7
26 t 3
26 is 4 9
26 x_1_2 5
26 x_1_2 8
26 t 11
26 y_1_2 12
26 is 13 22
26 t 14
26 is 15 24
26 y_1_2 16
26 is 17 26
26 t 18
26 is 19 28
26 t 20
26 x_1_2 23
26 y_1_2 27
26 t 30
26 is 31 41
26 x_1_2 32
26 is 33 43
26 t 34
26 is 35 45
26 y_1_2 36
26 is 37 47
26 t 38
26 is 39 49
26 x_1_2 44
26 y_1_2 48
26 y_1_2 50
26 is 51 58
26 t 52
26 is 53 60
26 y_1_2 54
26 is 55 62
26 t 56
26 y_1_2 59
26 t 65
26 is 66 69
26 y_1_2 67
27 is 0 1
27 x_1_2 2
27 y_1_2 4
27 t 5
27 y_1_2 7
27 is 8 9
27 t 12
27 is 13 14
27 y_1_2 15
27 t 16
27 is 17 18
27 x_1_2 19
27 is 20 21
27 y_1_2 22
27 t 23
27 is 24 25
27 y_1_2 26
27 t 27
27 is 28 29
27 x_1_2 31
27 is 32 33
27 y_1_2 35
27 is 36 37
27 y_1_2 39
27 is 40 41
27 y_1_2 43
27 is 44 45
27 x_1_2 47
27 is 48 49
27 t 50
27 is 51 52
27 y_1_2 53
27 t 54
27 is 55 56
27 x_1_2 58
27 t 59
27 is 60 61
27 y_1_2 62
27 y_1_2 66
27 t 67
27 is 68 69
28 x_1_2 0
28 is 1 4
28 t 2
28 is 6 13
28 t 7
28 is 8 15
28 y_1_2 9
28 is 10 17
28 y_1_2 14
28 x_1_2 18
28 t 19
28 y_1_2 20
28 is 21 31
28 t 22
