70
37 t 69
38 t 1
38 y_1_2 2
38 is 3 8
38 t 4
38 is 5 10
38 t 6
38 x_1_2 9
38 is 12 21
38 t 13
38 is 14 23
38 x_1_2 15
38 is 16 25
38 t 17
38 is 18 27
38 y_1_2 19
38 y_1_2 22
38 x_1_2 26
38 t 29
38 is 30 40
38 t 31
38 is 32 42
38 x_1_2 33
38 is 34 44
38 t 35
38 is 36 46
38 x_1_2 37
38 is 38 48
38 t 39
38 y_1_2 41
38 x_1_2 45
38 t 51
38 is 52 59
38 x_1_2 53
38 is 54 61
38 t 55
38 is 56 63
38 x_1_2 57
38 x_1_2 62
38 x_1_2 64
38 is 65 68
38 t 66
39 t 2
39 is 3 4
39 x_1_2 5
39 is 6 7
39 x_1_2 8
39 t 9
39 is 10 11
39 x_1_2 12
39 x_1_2 14
39 is 15 16
39 x_1_2 18
39 t 19
39 x_1_2 21
39 is 22 23
39 x_1_2 25
39 is 26 27
39 is 30 31
39 x_1_2 32
39 t 33
39 is 34 35
39 x_1_2 36
39 t 37
39 is 38 39
39 x_1_2 40
39 t 41
39 is 42 43
39 y_1_2 44
39 t 45
39 is 46 47
39 x_1_2 48
39 x_1_2 52
39 is 53 54
39 x_1_2 56
39 t 57
39 is 58 59
39 x_1_2 61
39 is 62 63
39 t 64
39 is 65 66
39 y_1_2 68
40 is 0 3
40 x_1_2 4
40 t 5
40 x_1_2 6
40 is 7 14
40 t 8
40 is 9 16
40 x_1_2 10
40 is 11 18
40 t 12
40 x_1_2 15
40 is 20 30
40 t 21
40 is 22 32
40 y_1_2 23
40 is 24 34
40 t 25
40 is 26 36
