70
28 is 23 33
28 y_1_2 24
28 is 25 35
28 t 26
28 is 27 37
28 x_1_2 28
28 is 29 39
28 y_1_2 32
28 x_1_2 36
28 x_1_2 40
28 x_1_2 41
28 is 42 51
28 t 43
28 is 44 53
28 x_1_2 45
28 is 46 55
28 t 47
28 is 48 57
28 x_1_2 49
28 x_1_2 52
28 x_1_2 56
28 t 58
28 is 59 64
28 x_1_2 60
28 is 61 66
28 t 62
28 y_1_2 68
28 y_1_2 69
29 t 0
29 y_1_2 1
29 is 2 3
29 y_1_2 4
29 y_1_2 6
29 y_1_2 8
29 is 9 10
29 x_1_2 13
29 is 14 15
29 x_1_2 17
29 is 18 19
29 t 20
29 is 21 22
29 y_1_2 23
29 t 24
29 is 25 26
29 x_1_2 27
29 t 28
29 y_1_2 29
29 y_1_2 31
29 t 32
29 is 33 34
29 x_1_2 35
29 t 36
29 is 37 38
29 y_1_2 39
29 t 40
29 is 41 42
29 y_1_2 44
29 is 45 46
29 y_1_2 48
29 t 49
29 y_1_2 51
29 is 52 53
29 y_1_2 55
29 is 56 57
29 x_1_2 59
29 t 60
29 is 61 62
29 is 64 65
29 y_1_2 66
29 t 68
29 t 69
30 t 1
30 y_1_2 2
30 is 3 8
30 t 4
30 is 5 10
30 t 6
30 y_1_2 9
30 is 12 21
30 t 13
30 is 14 23
30 y_1_2 15
30 is 16 25
30 t 17
30 is 18 27
30 y_1_2 19
30 y_1_2 22
30 y_1_2 26
30 t 29
30 is 30 40
30 t 31
30 is 32 42
30 y_1_2 33
30 is 34 44
30 t 35
30 is 36 46
30 y_1_2 37
30 is 38 48
30 t 39
30 x_1_2 41
