70
33 y_1_2 11
33 is 12 13
33 y_1_2 14
33 t 15
33 is 16 17
33 y_1_2 18
33 y_1_2 20
33 y_1_2 22
33 is 23 24
33 x_1_2 26
33 is 27 28
33 x_1_2 30
33 is 31 32
33 y_1_2 34
33 is 35 36
33 x_1_2 38
33 t 39
33 x_1_2 41
33 t 42
33 is 43 44
33 y_1_2 45
33 t 46
33 is 47 48
33 is 50 51
33 x_1_2 52
33 t 53
33 is 54 55
33 y_1_2 56
33 t 58
33 is 59 60
33 y_1_2 62
33 t 63
33 y_1_2 65
33 is 66 67
34 t 0
34 is 2 7
34 t 3
34 is 4 9
34 x_1_2 5
34 x_1_2 8
34 t 11
34 y_1_2 12
34 is 13 22
34 t 14
34 is 15 24
34 x_1_2 16
34 is 17 26
34 t 18
34 is 19 28
34 t 20
34 x_1_2 23
34 x_1_2 27
34 t 30
34 is 31 41
34 x_1_2 32
34 is 33 43
34 t 34
34 is 35 45
34 x_1_2 36
34 is 37 47
34 t 38
34 is 39 49
34 y_1_2 44
34 x_1_2 48
34 y_1_2 50
34 is 51 58
34 t 52
34 is 53 60
34 y_1_2 54
34 is 55 62
34 t 56
34 x_1_2 59
34 t 65
34 is 66 69
34 y_1_2 67
35 is 0 1
35 x_1_2 2
35 x_1_2 4
35 t 5
35 y_1_2 7
35 is 8 9
35 t 12
35 is 13 14
35 x_1_2 15
35 t 16
35 is 17 18
35 y_1_2 19
35 is 20 21
35 x_1_2 22
35 t 23
35 is 24 25
35 x_1_2 26
35 t 27
35 is 28 29
35 y_1_2 31
35 is 32 33
35 y_1_2 35
35 is 36 37
35 y_1_2 39
35 is 40 41
