70
1 t 38
1 t 39
1 t 40
1 t 41
1 t 42
1 is 43 44
1 t 45
1 t 46
1 is 47 48
1 t 49
1 is 50 51
1 t 52
1 t 53
1 is 54 55
1 t 56
1 t 57
1 t 58
1 is 59 60
1 t 61
1 t 62
1 t 63
1 t 64
1 t 65
1 is 66 67
1 t 68
1 t 69
2 is 2 7
2 is 4 9
2 y_1_2 5
2 y_1_2 8
2 x_1_2 12
2 is 13 22
2 is 15 24
2 x_1_2 16
2 is 17 26
2 is 19 28
2 x_1_2 23
2 y_1_2 27
2 is 31 41
2 x_1_2 32
2 is 33 43
2 is 35 45
2 y_1_2 36
2 is 37 47
2 is 39 49
2 x_1_2 44
2 y_1_2 48
2 x_1_2 50
2 is 51 58
2 is 53 60
2 y_1_2 54
2 is 55 62
2 y_1_2 59
2 is 66 69
2 x_1_2 67
3 is 0 1
3 y_1_2 2
3 y_1_2 4
3 t 5
3 x_1_2 7
3 is 8 9
3 t 12
3 is 13 14
3 y_1_2 15
3 t 16
3 is 17 18
3 y_1_2 19
3 is 20 21
3 x_1_2 22
3 t 23
3 is 24 25
3 y_1_2 26
3 t 27
3 is 28 29
3 y_1_2 31
3 is 32 33
3 y_1_2 35
3 is 36 37
3 x_1_2 39
3 is 40 41
3 x_1_2 43
3 is 44 45
3 y_1_2 47
3 is 48 49
3 t 50
3 is 51 52
3 y_1_2 53
3 t 54
3 is 55 56
3 x_1_2 58
3 t 59
3 is 60 61
3 x_1_2 62
3 x_1_2 66
3 t 67
3 is 68 69
4 y_1_2 0
4 is 1 4
4 t 2
4 is 6 13
