70
6 t 31
6 is 32 42
6 y_1_2 33
6 is 34 44
6 t 35
6 is 36 46
6 y_1_2 37
6 is 38 48
6 t 39
6 x_1_2 41
6 x_1_2 45
6 t 51
6 is 52 59
6 y_1_2 53
6 is 54 61
6 t 55
6 is 56 63
6 y_1_2 57
6 y_1_2 62
6 y_1_2 64
6 is 65 68
6 t 66
7 t 2
7 is 3 4
7 y_1_2 5
7 is 6 7
7 y_1_2 8
7 t 9
7 is 10 11
7 y_1_2 12
7 x_1_2 14
7 is 15 16
7 y_1_2 18
7 t 19
7 x_1_2 21
7 is 22 23
7 y_1_2 25
7 is 26 27
7 is 30 31
7 y_1_2 32
7 t 33
7 is 34 35
7 y_1_2 36
7 t 37
7 is 38 39
7 y_1_2 40
7 t 41
7 is 42 43
7 y_1_2 44
7 t 45
7 is 46 47
7 y_1_2 48
7 x_1_2 52
7 is 53 54
7 y_1_2 56
7 t 57
7 is 58 59
7 y_1_2 61
7 is 62 63
7 t 64
7 is 65 66
7 y_1_2 68
8 is 0 3
8 y_1_2 4
8 t 5
8 x_1_2 6
8 is 7 14
8 t 8
8 is 9 16
8 y_1_2 10
8 is 11 18
8 t 12
8 x_1_2 15
8 is 20 30
8 t 21
8 is 22 32
8 y_1_2 23
8 is 24 34
8 t 25
8 is 26 36
8 y_1_2 27
8 is 28 38
8 x_1_2 31
8 y_1_2 35
8 x_1_2 39
8 t 40
8 is 41 50
8 x_1_2 42
8 is 43 52
8 t 44
8 is 45 54
8 y_1_2 46
8 is 47 56
8 t 48
8 x_1_2 53
8 y_1_2 58
8 x_1_2 59
8 is 60 65
8 t 61
8 is 62 67
