70
30 y_1_2 45
30 t 51
30 is 52 59
30 x_1_2 53
30 is 54 61
30 t 55
30 is 56 63
30 x_1_2 57
30 x_1_2 62
30 y_1_2 64
30 is 65 68
30 t 66
31 t 2
31 is 3 4
31 y_1_2 5
31 is 6 7
31 x_1_2 8
31 t 9
31 is 10 11
31 y_1_2 12
31 y_1_2 14
31 is 15 16
31 x_1_2 18
31 t 19
31 x_1_2 21
31 is 22 23
31 y_1_2 25
31 is 26 27
31 is 30 31
31 x_1_2 32
31 t 33
31 is 34 35
31 x_1_2 36
31 t 37
31 is 38 39
31 y_1_2 40
31 t 41
31 is 42 43
31 y_1_2 44
31 t 45
31 is 46 47
31 y_1_2 48
31 x_1_2 52
31 is 53 54
31 y_1_2 56
31 t 57
31 is 58 59
31 x_1_2 61
31 is 62 63
31 t 64
31 is 65 66
31 x_1_2 68
32 is 0 3
32 y_1_2 4
32 t 5
32 y_1_2 6
32 is 7 14
32 t 8
32 is 9 16
32 x_1_2 10
32 is 11 18
32 t 12
32 y_1_2 15
32 is 20 30
32 t 21
32 is 22 32
32 x_1_2 23
32 is 24 34
32 t 25
32 is 26 36
32 y_1_2 27
32 is 28 38
32 y_1_2 31
32 y_1_2 35
32 x_1_2 39
32 t 40
32 is 41 50
32 y_1_2 42
32 is 43 52
32 t 44
32 is 45 54
32 y_1_2 46
32 is 47 56
32 t 48
32 y_1_2 53
32 y_1_2 58
32 x_1_2 59
32 is 60 65
32 t 61
32 is 62 67
32 x_1_2 63
32 y_1_2 66
32 t 68
33 y_1_2 0
33 x_1_2 3
33 is 4 5
33 t 6
33 is 7 8
33 y_1_2 9
33 t 10
