70
35 x_1_2 43
35 is 44 45
35 x_1_2 47
35 is 48 49
35 t 50
35 is 51 52
35 y_1_2 53
35 t 54
35 is 55 56
35 y_1_2 58
35 t 59
35 is 60 61
35 x_1_2 62
35 y_1_2 66
35 t 67
35 is 68 69
36 y_1_2 0
36 is 1 4
36 t 2
36 is 6 13
36 t 7
36 is 8 15
36 y_1_2 9
36 is 10 17
36 x_1_2 14
36 x_1_2 18
36 t 19
36 x_1_2 20
36 is 21 31
36 t 22
36 is 23 33
36 x_1_2 24
36 is 25 35
36 t 26
36 is 27 37
36 y_1_2 28
36 is 29 39
36 x_1_2 32
36 y_1_2 36
36 x_1_2 40
36 x_1_2 41
36 is 42 51
36 t 43
36 is 44 53
36 y_1_2 45
36 is 46 55
36 t 47
36 is 48 57
36 y_1_2 49
36 x_1_2 52
36 x_1_2 56
36 t 58
36 is 59 64
36 y_1_2 60
36 is 61 66
36 t 62
36 x_1_2 68
36 x_1_2 69
37 t 0
37 x_1_2 1
37 is 2 3
37 y_1_2 4
37 y_1_2 6
37 y_1_2 8
37 is 9 10
37 x_1_2 13
37 is 14 15
37 x_1_2 17
37 is 18 19
37 t 20
37 is 21 22
37 x_1_2 23
37 t 24
37 is 25 26
37 y_1_2 27
37 t 28
37 x_1_2 29
37 x_1_2 31
37 t 32
37 is 33 34
37 x_1_2 35
37 t 36
37 is 37 38
37 x_1_2 39
37 t 40
37 is 41 42
37 x_1_2 44
37 is 45 46
37 x_1_2 48
37 t 49
37 x_1_2 51
37 is 52 53
37 x_1_2 55
37 is 56 57
37 y_1_2 59
37 t 60
37 is 61 62
37 is 64 65
37 y_1_2 66
37 t 68
