70
11 is 24 25
11 y_1_2 26
11 t 27
11 is 28 29
11 y_1_2 31
11 is 32 33
11 x_1_2 35
11 is 36 37
11 y_1_2 39
11 is 40 41
11 y_1_2 43
11 is 44 45
11 x_1_2 47
11 is 48 49
11 t 50
11 is 51 52
11 x_1_2 53
11 t 54
11 is 55 56
11 y_1_2 58
11 t 59
11 is 60 61
11 x_1_2 62
11 x_1_2 66
11 t 67
11 is 68 69
12 x_1_2 0
12 is 1 4
12 t 2
12 is 6 13
12 t 7
12 is 8 15
12 x_1_2 9
12 is 10 17
12 y_1_2 14
12 y_1_2 18
12 t 19
12 x_1_2 20
12 is 21 31
12 t 22
12 is 23 33
12 x_1_2 24
12 is 25 35
12 t 26
12 is 27 37
12 y_1_2 28
12 is 29 39
12 x_1_2 32
12 y_1_2 36
12 x_1_2 40
12 y_1_2 41
12 is 42 51
12 t 43
12 is 44 53
12 x_1_2 45
12 is 46 55
12 t 47
12 is 48 57
12 x_1_2 49
12 x_1_2 52
12 x_1_2 56
12 t 58
12 is 59 64
12 y_1_2 60
12 is 61 66
12 t 62
12 x_1_2 68
12 x_1_2 69
13 t 0
13 x_1_2 1
13 is 2 3
13 y_1_2 4
13 y_1_2 6
13 y_1_2 8
13 is 9 10
13 y_1_2 13
13 is 14 15
13 x_1_2 17
13 is 18 19
13 t 20
13 is 21 22
13 x_1_2 23
13 t 24
13 is 25 26
13 y_1_2 27
13 t 28
13 x_1_2 29
13 x_1_2 31
13 t 32
13 is 33 34
13 x_1_2 35
13 t 36
13 is 37 38
13 x_1_2 39
13 t 40
13 is 41 42
13 y_1_2 44
13 is 45 46
13 x_1_2 48
13 t 49
