70
8 y_1_2 63
8 x_1_2 66
8 t 68
9 y_1_2 0
9 y_1_2 3
9 is 4 5
9 t 6
9 is 7 8
9 y_1_2 9
9 t 10
9 y_1_2 11
9 is 12 13
9 x_1_2 14
9 t 15
9 is 16 17
9 y_1_2 18
9 x_1_2 20
9 x_1_2 22
9 is 23 24
9 y_1_2 26
9 is 27 28
9 x_1_2 30
9 is 31 32
9 x_1_2 34
9 is 35 36
9 x_1_2 38
9 t 39
9 x_1_2 41
9 t 42
9 is 43 44
9 y_1_2 45
9 t 46
9 is 47 48
9 is 50 51
9 x_1_2 52
9 t 53
9 is 54 55
9 x_1_2 56
9 t 58
9 is 59 60
9 x_1_2 62
9 t 63
9 y_1_2 65
9 is 66 67
10 t 0
10 is 2 7
10 t 3
10 is 4 9
10 y_1_2 5
10 x_1_2 8
10 t 11
10 x_1_2 12
10 is 13 22
10 t 14
10 is 15 24
10 x_1_2 16
10 is 17 26
10 t 18
10 is 19 28
10 t 20
10 x_1_2 23
10 x_1_2 27
10 t 30
10 is 31 41
10 x_1_2 32
10 is 33 43
10 t 34
10 is 35 45
10 x_1_2 36
10 is 37 47
10 t 38
10 is 39 49
10 y_1_2 44
10 y_1_2 48
10 y_1_2 50
10 is 51 58
10 t 52
10 is 53 60
10 x_1_2 54
10 is 55 62
10 t 56
10 x_1_2 59
10 t 65
10 is 66 69
10 x_1_2 67
11 is 0 1
11 x_1_2 2
11 y_1_2 4
11 t 5
11 y_1_2 7
11 is 8 9
11 t 12
11 is 13 14
11 y_1_2 15
11 t 16
11 is 17 18
11 y_1_2 19
11 is 20 21
11 x_1_2 22
11 t 23
