70
18 t 38
18 is 39 49
18 x_1_2 44
18 x_1_2 48
18 x_1_2 50
18 is 51 58
18 t 52
18 is 53 60
18 y_1_2 54
18 is 55 62
18 t 56
18 x_1_2 59
18 t 65
18 is 66 69
18 x_1_2 67
19 is 0 1
19 y_1_2 2
19 y_1_2 4
19 t 5
19 x_1_2 7
19 is 8 9
19 t 12
19 is 13 14
19 y_1_2 15
19 t 16
19 is 17 18
19 x_1_2 19
19 is 20 21
19 y_1_2 22
19 t 23
19 is 24 25
19 y_1_2 26
19 t 27
19 is 28 29
19 x_1_2 31
19 is 32 33
19 x_1_2 35
19 is 36 37
19 x_1_2 39
19 is 40 41
19 y_1_2 43
19 is 44 45
19 x_1_2 47
19 is 48 49
19 t 50
19 is 51 52
19 y_1_2 53
19 t 54
19 is 55 56
19 x_1_2 58
19 t 59
19 is 60 61
19 y_1_2 62
19 y_1_2 66
19 t 67
19 is 68 69
20 y_1_2 0
20 is 1 4
20 t 2
20 is 6 13
20 t 7
20 is 8 15
20 x_1_2 9
20 is 10 17
20 y_1_2 14
20 x_1_2 18
20 t 19
20 y_1_2 20
20 is 21 31
20 t 22
20 is 23 33
20 x_1_2 24
20 is 25 35
20 t 26
20 is 27 37
20 x_1_2 28
20 is 29 39
20 y_1_2 32
20 x_1_2 36
20 x_1_2 40
20 y_1_2 41
20 is 42 51
20 t 43
20 is 44 53
20 y_1_2 45
20 is 46 55
20 t 47
20 is 48 57
20 x_1_2 49
20 x_1_2 52
20 x_1_2 56
20 t 58
20 is 59 64
20 y_1_2 60
20 is 61 66
20 t 62
20 y_1_2 68
20 y_1_2 69
21 t 0
21 x_1_2 1
