30
4 y_1_2 25
4 x_1_2 26
4 t 27
4 t 29
5 cz 2 3
5 cz 6 7
5 cz 10 11
5 cz 14 15
5 cz 18 19
5 cz 22 23
5 cz 26 27
5 x_1_2 0
5 t 1
5 x_1_2 4
5 x_1_2 8
5 t 9
5 x_1_2 13
5 x_1_2 17
5 x_1_2 21
5 t 25
6 cz 18 24
6 cz 7 13
6 cz 20 26
6 cz 9 15
6 cz 22 28
6 cz 11 17
6 t 0
6 x_1_2 2
6 x_1_2 3
6 t 4
6 x_1_2 6
6 t 8
6 x_1_2 10
6 x_1_2 14
6 x_1_2 19
6 t 21
6 y_1_2 23
6 y_1_2 27
7 cz 3 4
7 cz 7 8
7 cz 15 16
7 cz 19 20
7 cz 27 28
7 t 2
7 t 6
7 y_1_2 9
7 t 10
7 x_1_2 11
7 y_1_2 13
7 t 14
7 y_1_2 17
7 x_1_2 18
7 x_1_2 22
7 t 23
7 y_1_2 24
7 y_1_2 26
8 cz 12 18
8 cz 1 7
8 cz 14 20
8 cz 3 9
8 cz 16 22
8 cz 5 11
8 y_1_2 4
8 x_1_2 8
8 t 13
8 y_1_2 15
8 t 17
8 y_1_2 19
8 t 24
8 t 26
8 x_1_2 27
8 y_1_2 28
9 cz 0 1
9 cz 4 5
9 cz 8 9
9 cz 12 13
9 cz 16 17
9 cz 20 21
9 cz 24 25
9 cz 28 29
9 y_1_2 3
9 y_1_2 7
9 y_1_2 11
9 y_1_2 14
9 t 15
9 x_1_2 18
9 t 19
9 x_1_2 22
9 t 27
10 cz 6 12
10 cz 19 25
10 cz 8 14
10 cz 21 27
10 cz 10 16
10 cz 23 29
10 y_1_2 0
10 x_1_2 1
10 t 3
10 x_1_2 4
10 y_1_2 5
