30
55 y_1_2 13
55 t 14
55 y_1_2 17
55 x_1_2 18
55 y_1_2 22
55 t 23
55 y_1_2 24
55 x_1_2 26
56 cz 12 18
56 cz 1 7
56 cz 14 20
56 cz 3 9
56 cz 16 22
56 cz 5 11
56 y_1_2 4
56 y_1_2 8
56 t 13
56 x_1_2 15
56 t 17
56 x_1_2 19
56 t 24
56 t 26
56 x_1_2 27
56 y_1_2 28
57 cz 0 1
57 cz 4 5
57 cz 8 9
57 cz 12 13
57 cz 16 17
57 cz 20 21
57 cz 24 25
57 cz 28 29
57 y_1_2 3
57 y_1_2 7
57 y_1_2 11
57 x_1_2 14
57 t 15
57 x_1_2 18
57 t 19
57 x_1_2 22
57 t 27
58 cz 6 12
58 cz 19 25
58 cz 8 14
58 cz 21 27
58 cz 10 16
58 cz 23 29
58 x_1_2 0
58 y_1_2 1
58 t 3
58 y_1_2 4
58 y_1_2 5
58 t 7
58 x_1_2 9
58 t 11
58 y_1_2 13
58 x_1_2 17
58 t 18
58 x_1_2 20
58 t 22
58 y_1_2 24
58 x_1_2 28
59 cz 1 2
59 cz 9 10
59 cz 13 14
59 cz 21 22
59 cz 25 26
59 t 0
59 t 4
59 t 5
59 x_1_2 6
59 y_1_2 8
59 x_1_2 12
59 x_1_2 16
59 t 17
59 y_1_2 19
59 t 20
59 y_1_2 23
59 t 24
59 x_1_2 27
59 t 28
59 x_1_2 29
60 cz 0 6
60 cz 13 19
60 cz 2 8
60 cz 15 21
60 cz 4 10
60 cz 17 23
60 x_1_2 1
60 x_1_2 9
60 t 12
60 x_1_2 14
60 t 16
60 y_1_2 22
60 y_1_2 25
60 x_1_2 26
60 t 27
60 t 29
61 cz 2 3
61 cz 6 7
