30
44 cz 2 8
44 cz 15 21
44 cz 4 10
44 cz 17 23
44 y_1_2 1
44 x_1_2 9
44 t 12
44 x_1_2 14
44 t 16
44 y_1_2 22
44 x_1_2 25
44 y_1_2 26
44 t 27
44 t 29
45 cz 2 3
45 cz 6 7
45 cz 10 11
45 cz 14 15
45 cz 18 19
45 cz 22 23
45 cz 26 27
45 y_1_2 0
45 t 1
45 y_1_2 4
45 y_1_2 8
45 t 9
45 y_1_2 13
45 y_1_2 17
45 x_1_2 21
45 t 25
46 cz 18 24
46 cz 7 13
46 cz 20 26
46 cz 9 15
46 cz 22 28
46 cz 11 17
46 t 0
46 y_1_2 2
46 y_1_2 3
46 t 4
46 y_1_2 6
46 t 8
46 x_1_2 10
46 y_1_2 14
46 y_1_2 19
46 t 21
46 x_1_2 23
46 x_1_2 27
47 cz 3 4
47 cz 7 8
47 cz 15 16
47 cz 19 20
47 cz 27 28
47 t 2
47 t 6
47 y_1_2 9
47 t 10
47 y_1_2 11
47 x_1_2 13
47 t 14
47 x_1_2 17
47 x_1_2 18
47 y_1_2 22
47 t 23
47 y_1_2 24
47 x_1_2 26
48 cz 12 18
48 cz 1 7
48 cz 14 20
48 cz 3 9
48 cz 16 22
48 cz 5 11
48 x_1_2 4
48 x_1_2 8
48 t 13
48 x_1_2 15
48 t 17
48 x_1_2 19
48 t 24
48 t 26
48 x_1_2 27
48 y_1_2 28
49 cz 0 1
49 cz 4 5
49 cz 8 9
49 cz 12 13
49 cz 16 17
49 cz 20 21
49 cz 24 25
49 cz 28 29
49 y_1_2 3
49 x_1_2 7
49 y_1_2 11
49 x_1_2 14
49 t 15
49 y_1_2 18
49 t 19
49 y_1_2 22
49 t 27
50 h 0
