40
24 t 35
24 cz 36 39
24 t 37
24 y_1_2 38
25 x_1_2 0
25 y_1_2 3
25 cz 4 5
25 t 6
25 cz 7 8
25 x_1_2 9
25 t 10
25 y_1_2 11
25 cz 12 13
25 x_1_2 14
25 t 15
25 cz 16 17
25 x_1_2 18
25 y_1_2 21
25 cz 22 23
25 x_1_2 25
25 cz 26 27
25 y_1_2 28
25 y_1_2 30
25 cz 31 32
25 cz 34 35
25 y_1_2 36
25 t 38
25 x_1_2 39
26 t 0
26 cz 2 7
26 t 3
26 cz 4 9
26 x_1_2 5
26 x_1_2 8
26 t 11
26 y_1_2 12
26 cz 13 21
26 t 14
26 cz 15 23
26 y_1_2 16
26 cz 17 25
26 t 18
26 cz 19 27
26 y_1_2 22
26 y_1_2 26
26 t 28
26 cz 29 34
26 t 30
26 cz 31 36
26 x_1_2 32
26 y_1_2 35
26 t 39
27 cz 0 1
27 x_1_2 2
27 x_1_2 4
27 t 5
27 x_1_2 7
27 cz 8 9
27 t 12
27 cz 13 14
27 y_1_2 15
27 t 16
27 cz 17 18
27 y_1_2 19
27 y_1_2 21
27 t 22
27 cz 23 24
27 x_1_2 25
27 t 26
27 y_1_2 27
27 cz 28 29
27 y_1_2 31
27 cz 32 33
27 x_1_2 34
27 cz 35 36
28 y_1_2 0
28 cz 1 4
28 t 2
28 cz 6 13
28 t 7
28 cz 8 15
28 x_1_2 9
28 cz 10 17
28 x_1_2 14
28 x_1_2 18
28 t 19
28 t 21
28 cz 22 29
28 y_1_2 23
28 cz 24 31
28 t 25
28 cz 26 33
28 t 27
28 y_1_2 28
28 y_1_2 32
28 t 34
28 cz 35 38
28 x_1_2 36
29 t 0
29 x_1_2 1
