40
16 y_1_2 10
16 cz 11 18
16 t 12
16 x_1_2 15
16 t 20
16 cz 21 28
16 x_1_2 22
16 cz 23 30
16 t 24
16 cz 25 32
16 y_1_2 26
16 y_1_2 31
16 t 35
16 cz 36 39
16 t 37
16 x_1_2 38
17 y_1_2 0
17 y_1_2 3
17 cz 4 5
17 t 6
17 cz 7 8
17 x_1_2 9
17 t 10
17 x_1_2 11
17 cz 12 13
17 x_1_2 14
17 t 15
17 cz 16 17
17 x_1_2 18
17 x_1_2 21
17 cz 22 23
17 y_1_2 25
17 cz 26 27
17 y_1_2 28
17 x_1_2 30
17 cz 31 32
17 cz 34 35
17 y_1_2 36
17 t 38
17 x_1_2 39
18 t 0
18 cz 2 7
18 t 3
18 cz 4 9
18 x_1_2 5
18 y_1_2 8
18 t 11
18 x_1_2 12
18 cz 13 21
18 t 14
18 cz 15 23
18 y_1_2 16
18 cz 17 25
18 t 18
18 cz 19 27
18 y_1_2 22
18 y_1_2 26
18 t 28
18 cz 29 34
18 t 30
18 cz 31 36
18 x_1_2 32
18 y_1_2 35
18 t 39
19 cz 0 1
19 x_1_2 2
19 y_1_2 4
19 t 5
19 y_1_2 7
19 cz 8 9
19 t 12
19 cz 13 14
19 y_1_2 15
19 t 16
19 cz 17 18
19 y_1_2 19
19 x_1_2 21
19 t 22
19 cz 23 24
19 y_1_2 25
19 t 26
19 y_1_2 27
19 cz 28 29
19 x_1_2 31
19 cz 32 33
19 y_1_2 34
19 cz 35 36
20 y_1_2 0
20 cz 1 4
20 t 2
20 cz 6 13
20 t 7
20 cz 8 15
20 x_1_2 9
20 cz 10 17
20 y_1_2 14
20 x_1_2 18
20 t 19
20 t 21
20 cz 22 29
