40
3 y_1_2 21
3 t 22
3 cz 23 24
3 x_1_2 25
3 t 26
3 x_1_2 27
3 cz 28 29
3 y_1_2 31
3 cz 32 33
3 y_1_2 34
3 cz 35 36
4 y_1_2 0
4 cz 1 4
4 t 2
4 cz 6 13
4 t 7
4 cz 8 15
4 x_1_2 9
4 cz 10 17
4 y_1_2 14
4 x_1_2 18
4 t 19
4 t 21
4 cz 22 29
4 y_1_2 23
4 cz 24 31
4 t 25
4 cz 26 33
4 t 27
4 x_1_2 28
4 x_1_2 32
4 t 34
4 cz 35 38
4 x_1_2 36
5 t 0
5 x_1_2 1
5 cz 2 3
5 y_1_2 4
5 x_1_2 6
5 y_1_2 8
5 cz 9 10
5 y_1_2 13
5 cz 14 15
5 x_1_2 17
5 cz 18 19
5 cz 20 21
5 y_1_2 22
5 t 23
5 cz 24 25
5 x_1_2 26
5 t 28
5 cz 29 30
5 x_1_2 31
5 t 32
5 x_1_2 33
5 y_1_2 35
5 cz 36 37
5 x_1_2 38
6 t 1
6 x_1_2 2
6 cz 3 8
6 t 4
6 cz 5 10
6 t 6
6 y_1_2 9
6 cz 12 20
6 t 13
6 cz 14 22
6 x_1_2 15
6 cz 16 24
6 t 17
6 cz 18 26
6 x_1_2 19
6 y_1_2 21
6 y_1_2 25
6 x_1_2 29
6 cz 30 35
6 t 31
6 cz 32 37
6 t 33
6 y_1_2 36
6 t 38
7 t 2
7 cz 3 4
7 y_1_2 5
7 cz 6 7
7 y_1_2 8
7 t 9
7 cz 10 11
7 y_1_2 12
7 x_1_2 14
7 cz 15 16
7 y_1_2 18
7 t 19
7 x_1_2 20
7 cz 21 22
7 x_1_2 24
7 cz 25 26
7 t 29
7 cz 30 31
