40
12 cz 1 4
12 t 2
12 cz 6 13
12 t 7
12 cz 8 15
12 y_1_2 9
12 cz 10 17
12 y_1_2 14
12 y_1_2 18
12 t 19
12 t 21
12 cz 22 29
12 y_1_2 23
12 cz 24 31
12 t 25
12 cz 26 33
12 t 27
12 x_1_2 28
12 x_1_2 32
12 t 34
12 cz 35 38
12 y_1_2 36
13 t 0
13 y_1_2 1
13 cz 2 3
13 x_1_2 4
13 y_1_2 6
13 x_1_2 8
13 cz 9 10
13 x_1_2 13
13 cz 14 15
13 x_1_2 17
13 cz 18 19
13 cz 20 21
13 y_1_2 22
13 t 23
13 cz 24 25
13 y_1_2 26
13 t 28
13 cz 29 30
13 y_1_2 31
13 t 32
13 x_1_2 33
13 x_1_2 35
13 cz 36 37
13 x_1_2 38
14 t 1
14 x_1_2 2
14 cz 3 8
14 t 4
14 cz 5 10
14 t 6
14 y_1_2 9
14 cz 12 20
14 t 13
14 cz 14 22
14 y_1_2 15
14 cz 16 24
14 t 17
14 cz 18 26
14 y_1_2 19
14 y_1_2 21
14 y_1_2 25
14 x_1_2 29
14 cz 30 35
14 t 31
14 cz 32 37
14 t 33
14 y_1_2 36
14 t 38
15 t 2
15 cz 3 4
15 y_1_2 5
15 cz 6 7
15 x_1_2 8
15 t 9
15 cz 10 11
15 x_1_2 12
15 x_1_2 14
15 cz 15 16
15 y_1_2 18
15 t 19
15 x_1_2 20
15 cz 21 22
15 x_1_2 24
15 cz 25 26
15 t 29
15 cz 30 31
15 y_1_2 32
15 x_1_2 35
15 t 36
15 x_1_2 37
15 cz 38 39
16 cz 0 3
16 x_1_2 4
16 t 5
16 y_1_2 6
16 cz 7 14
16 t 8
16 cz 9 16
