40
33 cz 12 13
33 y_1_2 14
33 t 15
33 cz 16 17
33 y_1_2 18
33 x_1_2 21
33 cz 22 23
33 y_1_2 25
33 cz 26 27
33 y_1_2 28
33 y_1_2 30
33 cz 31 32
33 cz 34 35
33 y_1_2 36
33 t 38
33 y_1_2 39
34 t 0
34 cz 2 7
34 t 3
34 cz 4 9
34 x_1_2 5
34 y_1_2 8
34 t 11
34 x_1_2 12
34 cz 13 21
34 t 14
34 cz 15 23
34 y_1_2 16
34 cz 17 25
34 t 18
34 cz 19 27
34 y_1_2 22
34 y_1_2 26
34 t 28
34 cz 29 34
34 t 30
34 cz 31 36
34 x_1_2 32
34 x_1_2 35
34 t 39
35 cz 0 1
35 x_1_2 2
35 y_1_2 4
35 t 5
35 y_1_2 7
35 cz 8 9
35 t 12
35 cz 13 14
35 y_1_2 15
35 t 16
35 cz 17 18
35 x_1_2 19
35 x_1_2 21
35 t 22
35 cz 23 24
35 y_1_2 25
35 t 26
35 x_1_2 27
35 cz 28 29
35 x_1_2 31
35 cz 32 33
35 x_1_2 34
35 cz 35 36
36 x_1_2 0
36 cz 1 4
36 t 2
36 cz 6 13
36 t 7
36 cz 8 15
36 y_1_2 9
36 cz 10 17
36 y_1_2 14
36 y_1_2 18
36 t 19
36 t 21
36 cz 22 29
36 x_1_2 23
36 cz 24 31
36 t 25
36 cz 26 33
36 t 27
36 y_1_2 28
36 y_1_2 32
36 t 34
36 cz 35 38
36 x_1_2 36
37 t 0
37 x_1_2 1
37 cz 2 3
37 y_1_2 4
37 y_1_2 6
37 y_1_2 8
37 cz 9 10
37 y_1_2 13
37 cz 14 15
37 x_1_2 17
37 cz 18 19
37 cz 20 21
37 x_1_2 22
37 t 23
