40
20 y_1_2 23
20 cz 24 31
20 t 25
20 cz 26 33
20 t 27
20 y_1_2 28
20 x_1_2 32
20 t 34
20 cz 35 38
20 x_1_2 36
21 t 0
21 y_1_2 1
21 cz 2 3
21 x_1_2 4
21 y_1_2 6
21 x_1_2 8
21 cz 9 10
21 y_1_2 13
21 cz 14 15
21 y_1_2 17
21 cz 18 19
21 cz 20 21
21 y_1_2 22
21 t 23
21 cz 24 25
21 y_1_2 26
21 t 28
21 cz 29 30
21 y_1_2 31
21 t 32
21 x_1_2 33
21 y_1_2 35
21 cz 36 37
21 x_1_2 38
22 t 1
22 y_1_2 2
22 cz 3 8
22 t 4
22 cz 5 10
22 t 6
22 y_1_2 9
22 cz 12 20
22 t 13
22 cz 14 22
22 x_1_2 15
22 cz 16 24
22 t 17
22 cz 18 26
22 y_1_2 19
22 x_1_2 21
22 x_1_2 25
22 y_1_2 29
22 cz 30 35
22 t 31
22 cz 32 37
22 t 33
22 x_1_2 36
22 t 38
23 t 2
23 cz 3 4
23 y_1_2 5
23 cz 6 7
23 y_1_2 8
23 t 9
23 cz 10 11
23 x_1_2 12
23 x_1_2 14
23 cz 15 16
23 y_1_2 18
23 t 19
23 y_1_2 20
23 cz 21 22
23 x_1_2 24
23 cz 25 26
23 t 29
23 cz 30 31
23 y_1_2 32
23 y_1_2 35
23 t 36
23 x_1_2 37
23 cz 38 39
24 cz 0 3
24 y_1_2 4
24 t 5
24 x_1_2 6
24 cz 7 14
24 t 8
24 cz 9 16
24 y_1_2 10
24 cz 11 18
24 t 12
24 x_1_2 15
24 t 20
24 cz 21 28
24 x_1_2 22
24 cz 23 30
24 t 24
24 cz 25 32
24 x_1_2 26
24 y_1_2 31
