24
21 cz 2 3
21 x_1_2 4
21 y_1_2 6
21 y_1_2 8
21 cz 9 10
21 x_1_2 12
21 cz 13 14
21 x_1_2 16
21 t 17
21 t 19
21 cz 20 21
21 y_1_2 23
22 t 1
22 y_1_2 2
22 cz 3 8
22 t 4
22 cz 5 10
22 t 6
22 x_1_2 9
22 t 12
22 cz 13 18
22 x_1_2 14
22 cz 15 20
22 t 16
22 x_1_2 21
22 t 23
23 t 2
23 cz 3 4
23 y_1_2 5
23 cz 6 7
23 x_1_2 8
23 t 9
23 cz 10 11
23 x_1_2 13
23 cz 14 15
23 y_1_2 18
23 x_1_2 20
23 t 21
23 cz 22 23
24 cz 0 3
24 y_1_2 4
24 t 5
24 y_1_2 6
24 cz 7 13
24 t 8
24 cz 9 15
24 y_1_2 10
24 cz 11 17
24 y_1_2 14
24 t 18
24 cz 19 22
24 t 20
24 x_1_2 23
25 x_1_2 0
25 x_1_2 3
25 cz 4 5
25 t 6
25 cz 7 8
25 y_1_2 9
25 t 10
25 x_1_2 11
25 x_1_2 13
25 t 14
25 cz 15 16
25 y_1_2 17
25 cz 18 19
25 y_1_2 22
25 t 23
26 t 0
26 cz 2 7
26 t 3
26 cz 4 9
26 y_1_2 5
26 x_1_2 8
26 t 11
26 t 13
26 cz 14 19
26 x_1_2 15
26 cz 16 21
26 t 17
26 y_1_2 18
26 t 22
27 cz 0 1
27 x_1_2 2
27 x_1_2 4
27 t 5
27 x_1_2 7
27 cz 8 9
27 cz 12 13
27 x_1_2 14
27 t 15
27 cz 16 17
27 t 18
27 cz 19 20
27 x_1_2 21
28 y_1_2 0
28 cz 1 4
28 t 2
28 cz 6 12
28 t 7
