24
6 cz 13 18
6 x_1_2 14
6 cz 15 20
6 t 16
6 x_1_2 21
6 t 23
7 t 2
7 cz 3 4
7 y_1_2 5
7 cz 6 7
7 y_1_2 8
7 t 9
7 cz 10 11
7 x_1_2 13
7 cz 14 15
7 x_1_2 18
7 x_1_2 20
7 t 21
7 cz 22 23
8 cz 0 3
8 y_1_2 4
8 t 5
8 x_1_2 6
8 cz 7 13
8 t 8
8 cz 9 15
8 y_1_2 10
8 cz 11 17
8 y_1_2 14
8 t 18
8 cz 19 22
8 t 20
8 x_1_2 23
9 y_1_2 0
9 x_1_2 3
9 cz 4 5
9 t 6
9 cz 7 8
9 y_1_2 9
9 t 10
9 y_1_2 11
9 y_1_2 13
9 t 14
9 cz 15 16
9 y_1_2 17
9 cz 18 19
9 y_1_2 22
9 t 23
10 t 0
10 cz 2 7
10 t 3
10 cz 4 9
10 y_1_2 5
10 y_1_2 8
10 t 11
10 t 13
10 cz 14 19
10 x_1_2 15
10 cz 16 21
10 t 17
10 x_1_2 18
10 t 22
11 cz 0 1
11 y_1_2 2
11 x_1_2 4
11 t 5
11 y_1_2 7
11 cz 8 9
11 cz 12 13
11 x_1_2 14
11 t 15
11 cz 16 17
11 t 18
11 cz 19 20
11 y_1_2 21
12 y_1_2 0
12 cz 1 4
12 t 2
12 cz 6 12
12 t 7
12 cz 8 14
12 x_1_2 9
12 cz 10 16
12 y_1_2 13
12 x_1_2 17
12 x_1_2 19
12 cz 20 23
12 t 21
13 t 0
13 x_1_2 1
13 cz 2 3
13 x_1_2 4
13 x_1_2 6
13 y_1_2 8
13 cz 9 10
13 y_1_2 12
13 cz 13 14
13 x_1_2 16
13 t 17
13 t 19
