24
13 cz 20 21
13 y_1_2 23
14 t 1
14 x_1_2 2
14 cz 3 8
14 t 4
14 cz 5 10
14 t 6
14 x_1_2 9
14 t 12
14 cz 13 18
14 y_1_2 14
14 cz 15 20
14 t 16
14 y_1_2 21
14 t 23
15 t 2
15 cz 3 4
15 x_1_2 5
15 cz 6 7
15 x_1_2 8
15 t 9
15 cz 10 11
15 x_1_2 13
15 cz 14 15
15 x_1_2 18
15 y_1_2 20
15 t 21
15 cz 22 23
16 cz 0 3
16 x_1_2 4
16 t 5
16 x_1_2 6
16 cz 7 13
16 t 8
16 cz 9 15
16 y_1_2 10
16 cz 11 17
16 x_1_2 14
16 t 18
16 cz 19 22
16 t 20
16 y_1_2 23
17 x_1_2 0
17 y_1_2 3
17 cz 4 5
17 t 6
17 cz 7 8
17 y_1_2 9
17 t 10
17 y_1_2 11
17 y_1_2 13
17 t 14
17 cz 15 16
17 x_1_2 17
17 cz 18 19
17 y_1_2 22
17 t 23
18 t 0
18 cz 2 7
18 t 3
18 cz 4 9
18 y_1_2 5
18 y_1_2 8
18 t 11
18 t 13
18 cz 14 19
18 x_1_2 15
18 cz 16 21
18 t 17
18 y_1_2 18
18 t 22
19 cz 0 1
19 x_1_2 2
19 x_1_2 4
19 t 5
19 y_1_2 7
19 cz 8 9
19 cz 12 13
19 x_1_2 14
19 t 15
19 cz 16 17
19 t 18
19 cz 19 20
19 x_1_2 21
20 y_1_2 0
20 cz 1 4
20 t 2
20 cz 6 12
20 t 7
20 cz 8 14
20 x_1_2 9
20 cz 10 16
20 x_1_2 13
20 x_1_2 17
20 y_1_2 19
20 cz 20 23
20 t 21
21 t 0
21 x_1_2 1
