60
35 t 54
35 cz 55 56
35 x_1_2 57
36 x_1_2 0
36 cz 1 4
36 t 2
36 cz 6 13
36 t 7
36 cz 8 15
36 x_1_2 9
36 cz 10 17
36 x_1_2 14
36 y_1_2 18
36 t 19
36 y_1_2 20
36 cz 21 31
36 t 22
36 cz 23 33
36 y_1_2 24
36 cz 25 35
36 t 26
36 cz 27 37
36 y_1_2 28
36 cz 29 39
36 y_1_2 32
36 x_1_2 36
36 t 40
36 cz 41 48
36 t 42
36 cz 43 50
36 x_1_2 44
36 cz 45 52
36 t 46
36 y_1_2 49
36 y_1_2 53
36 y_1_2 55
36 cz 56 59
36 t 57
37 t 0
37 y_1_2 1
37 cz 2 3
37 y_1_2 4
37 x_1_2 6
37 y_1_2 8
37 cz 9 10
37 x_1_2 13
37 cz 14 15
37 x_1_2 17
37 cz 18 19
37 t 20
37 cz 21 22
37 x_1_2 23
37 t 24
37 cz 25 26
37 y_1_2 27
37 t 28
37 x_1_2 29
37 y_1_2 31
37 t 32
37 cz 33 34
37 y_1_2 35
37 t 36
37 cz 37 38
37 x_1_2 39
37 cz 40 41
37 x_1_2 43
37 cz 44 45
37 x_1_2 48
37 cz 49 50
37 y_1_2 52
37 t 53
37 t 55
37 cz 56 57
37 y_1_2 59
38 t 1
38 y_1_2 2
38 cz 3 8
38 t 4
38 cz 5 10
38 t 6
38 y_1_2 9
38 cz 12 21
38 t 13
38 cz 14 23
38 x_1_2 15
38 cz 16 25
38 t 17
38 cz 18 27
38 x_1_2 19
38 x_1_2 22
38 y_1_2 26
38 t 29
38 t 31
38 cz 32 41
38 x_1_2 33
38 cz 34 43
38 t 35
38 cz 36 45
38 y_1_2 37
38 cz 38 47
