60
30 y_1_2 15
30 cz 16 25
30 t 17
30 cz 18 27
30 y_1_2 19
30 x_1_2 22
30 y_1_2 26
30 t 29
30 t 31
30 cz 32 41
30 x_1_2 33
30 cz 34 43
30 t 35
30 cz 36 45
30 y_1_2 37
30 cz 38 47
30 t 39
30 x_1_2 40
30 y_1_2 44
30 t 48
30 cz 49 54
30 y_1_2 50
30 cz 51 56
30 t 52
30 y_1_2 57
30 t 59
31 t 2
31 cz 3 4
31 y_1_2 5
31 cz 6 7
31 x_1_2 8
31 t 9
31 cz 10 11
31 x_1_2 12
31 x_1_2 14
31 cz 15 16
31 x_1_2 18
31 t 19
31 x_1_2 21
31 cz 22 23
31 y_1_2 25
31 cz 26 27
31 cz 30 31
31 x_1_2 32
31 t 33
31 cz 34 35
31 y_1_2 36
31 t 37
31 cz 38 39
31 t 40
31 cz 41 42
31 x_1_2 43
31 t 44
31 cz 45 46
31 x_1_2 47
31 x_1_2 49
31 cz 50 51
31 x_1_2 54
31 x_1_2 56
31 t 57
31 cz 58 59
32 cz 0 3
32 x_1_2 4
32 t 5
32 x_1_2 6
32 cz 7 14
32 t 8
32 cz 9 16
32 x_1_2 10
32 cz 11 18
32 t 12
32 y_1_2 15
32 cz 20 30
32 t 21
32 cz 22 32
32 y_1_2 23
32 cz 24 34
32 t 25
32 cz 26 36
32 x_1_2 27
32 cz 28 38
32 y_1_2 31
32 y_1_2 35
32 x_1_2 39
32 x_1_2 41
32 cz 42 49
32 t 43
32 cz 44 51
32 x_1_2 45
32 cz 46 53
32 t 47
32 x_1_2 50
32 t 54
32 cz 55 58
32 t 56
32 y_1_2 59
33 x_1_2 0
33 x_1_2 3
33 cz 4 5
33 t 6
