60
33 cz 7 8
33 y_1_2 9
33 t 10
33 x_1_2 11
33 cz 12 13
33 y_1_2 14
33 t 15
33 cz 16 17
33 y_1_2 18
33 x_1_2 20
33 y_1_2 22
33 cz 23 24
33 x_1_2 26
33 cz 27 28
33 y_1_2 30
33 cz 31 32
33 y_1_2 34
33 cz 35 36
33 y_1_2 38
33 t 39
33 t 41
33 cz 42 43
33 y_1_2 44
33 t 45
33 cz 46 47
33 y_1_2 49
33 t 50
33 cz 51 52
33 y_1_2 53
33 cz 54 55
33 y_1_2 58
33 t 59
34 t 0
34 cz 2 7
34 t 3
34 cz 4 9
34 y_1_2 5
34 y_1_2 8
34 t 11
34 y_1_2 12
34 cz 13 22
34 t 14
34 cz 15 24
34 y_1_2 16
34 cz 17 26
34 t 18
34 cz 19 28
34 t 20
34 x_1_2 23
34 y_1_2 27
34 t 30
34 cz 31 40
34 y_1_2 32
34 cz 33 42
34 t 34
34 cz 35 44
34 x_1_2 36
34 cz 37 46
34 t 38
34 x_1_2 43
34 x_1_2 47
34 t 49
34 cz 50 55
34 y_1_2 51
34 cz 52 57
34 t 53
34 x_1_2 54
34 t 58
35 cz 0 1
35 x_1_2 2
35 y_1_2 4
35 t 5
35 x_1_2 7
35 cz 8 9
35 t 12
35 cz 13 14
35 y_1_2 15
35 t 16
35 cz 17 18
35 x_1_2 19
35 cz 20 21
35 x_1_2 22
35 t 23
35 cz 24 25
35 x_1_2 26
35 t 27
35 cz 28 29
35 x_1_2 31
35 cz 32 33
35 y_1_2 35
35 cz 36 37
35 y_1_2 40
35 y_1_2 42
35 cz 43 44
35 x_1_2 46
35 t 47
35 cz 48 49
35 y_1_2 50
35 t 51
35 cz 52 53
