60
7 t 44
7 cz 45 46
7 x_1_2 47
7 y_1_2 49
7 cz 50 51
7 y_1_2 54
7 y_1_2 56
7 t 57
7 cz 58 59
8 cz 0 3
8 x_1_2 4
8 t 5
8 x_1_2 6
8 cz 7 14
8 t 8
8 cz 9 16
8 y_1_2 10
8 cz 11 18
8 t 12
8 y_1_2 15
8 cz 20 30
8 t 21
8 cz 22 32
8 x_1_2 23
8 cz 24 34
8 t 25
8 cz 26 36
8 x_1_2 27
8 cz 28 38
8 y_1_2 31
8 y_1_2 35
8 x_1_2 39
8 y_1_2 41
8 cz 42 49
8 t 43
8 cz 44 51
8 x_1_2 45
8 cz 46 53
8 t 47
8 x_1_2 50
8 t 54
8 cz 55 58
8 t 56
8 x_1_2 59
9 x_1_2 0
9 x_1_2 3
9 cz 4 5
9 t 6
9 cz 7 8
9 x_1_2 9
9 t 10
9 y_1_2 11
9 cz 12 13
9 x_1_2 14
9 t 15
9 cz 16 17
9 y_1_2 18
9 x_1_2 20
9 y_1_2 22
9 cz 23 24
9 y_1_2 26
9 cz 27 28
9 x_1_2 30
9 cz 31 32
9 y_1_2 34
9 cz 35 36
9 x_1_2 38
9 t 39
9 t 41
9 cz 42 43
9 y_1_2 44
9 t 45
9 cz 46 47
9 x_1_2 49
9 t 50
9 cz 51 52
9 x_1_2 53
9 cz 54 55
9 y_1_2 58
9 t 59
10 t 0
10 cz 2 7
10 t 3
10 cz 4 9
10 x_1_2 5
10 x_1_2 8
10 t 11
10 y_1_2 12
10 cz 13 22
10 t 14
10 cz 15 24
10 x_1_2 16
10 cz 17 26
10 t 18
10 cz 19 28
10 t 20
10 y_1_2 23
10 x_1_2 27
10 t 30
10 cz 31 40
