60
1 t 50
1 cz 51 52
1 t 53
1 cz 54 55
1 t 56
1 t 57
1 t 58
1 t 59
2 cz 2 7
2 cz 4 9
2 x_1_2 5
2 x_1_2 8
2 y_1_2 12
2 cz 13 22
2 cz 15 24
2 x_1_2 16
2 cz 17 26
2 cz 19 28
2 y_1_2 23
2 x_1_2 27
2 cz 31 40
2 x_1_2 32
2 cz 33 42
2 cz 35 44
2 y_1_2 36
2 cz 37 46
2 x_1_2 43
2 x_1_2 47
2 cz 50 55
2 x_1_2 51
2 cz 52 57
2 x_1_2 54
3 cz 0 1
3 x_1_2 2
3 y_1_2 4
3 t 5
3 x_1_2 7
3 cz 8 9
3 t 12
3 cz 13 14
3 x_1_2 15
3 t 16
3 cz 17 18
3 y_1_2 19
3 cz 20 21
3 y_1_2 22
3 t 23
3 cz 24 25
3 y_1_2 26
3 t 27
3 cz 28 29
3 x_1_2 31
3 cz 32 33
3 y_1_2 35
3 cz 36 37
3 x_1_2 40
3 y_1_2 42
3 cz 43 44
3 x_1_2 46
3 t 47
3 cz 48 49
3 x_1_2 50
3 t 51
3 cz 52 53
3 t 54
3 cz 55 56
3 x_1_2 57
4 x_1_2 0
4 cz 1 4
4 t 2
4 cz 6 13
4 t 7
4 cz 8 15
4 y_1_2 9
4 cz 10 17
4 x_1_2 14
4 y_1_2 18
4 t 19
4 y_1_2 20
4 cz 21 31
4 t 22
4 cz 23 33
4 x_1_2 24
4 cz 25 35
4 t 26
4 cz 27 37
4 y_1_2 28
4 cz 29 39
4 x_1_2 32
4 x_1_2 36
4 t 40
4 cz 41 48
4 t 42
4 cz 43 50
4 x_1_2 44
4 cz 45 52
4 t 46
4 y_1_2 49
4 x_1_2 53
4 x_1_2 55
