60
24 x_1_2 41
24 cz 42 49
24 t 43
24 cz 44 51
24 x_1_2 45
24 cz 46 53
24 t 47
24 x_1_2 50
24 t 54
24 cz 55 58
24 t 56
24 y_1_2 59
25 y_1_2 0
25 y_1_2 3
25 cz 4 5
25 t 6
25 cz 7 8
25 x_1_2 9
25 t 10
25 x_1_2 11
25 cz 12 13
25 y_1_2 14
25 t 15
25 cz 16 17
25 x_1_2 18
25 x_1_2 20
25 x_1_2 22
25 cz 23 24
25 x_1_2 26
25 cz 27 28
25 y_1_2 30
25 cz 31 32
25 y_1_2 34
25 cz 35 36
25 y_1_2 38
25 t 39
25 t 41
25 cz 42 43
25 x_1_2 44
25 t 45
25 cz 46 47
25 y_1_2 49
25 t 50
25 cz 51 52
25 y_1_2 53
25 cz 54 55
25 x_1_2 58
25 t 59
26 t 0
26 cz 2 7
26 t 3
26 cz 4 9
26 x_1_2 5
26 y_1_2 8
26 t 11
26 y_1_2 12
26 cz 13 22
26 t 14
26 cz 15 24
26 y_1_2 16
26 cz 17 26
26 t 18
26 cz 19 28
26 t 20
26 y_1_2 23
26 x_1_2 27
26 t 30
26 cz 31 40
26 x_1_2 32
26 cz 33 42
26 t 34
26 cz 35 44
26 x_1_2 36
26 cz 37 46
26 t 38
26 x_1_2 43
26 y_1_2 47
26 t 49
26 cz 50 55
26 y_1_2 51
26 cz 52 57
26 t 53
26 y_1_2 54
26 t 58
27 cz 0 1
27 x_1_2 2
27 x_1_2 4
27 t 5
27 x_1_2 7
27 cz 8 9
27 t 12
27 cz 13 14
27 y_1_2 15
27 t 16
27 cz 17 18
27 x_1_2 19
27 cz 20 21
27 y_1_2 22
27 t 23
27 cz 24 25
