60
16 y_1_2 10
16 cz 11 18
16 t 12
16 y_1_2 15
16 cz 20 30
16 t 21
16 cz 22 32
16 y_1_2 23
16 cz 24 34
16 t 25
16 cz 26 36
16 x_1_2 27
16 cz 28 38
16 x_1_2 31
16 x_1_2 35
16 y_1_2 39
16 x_1_2 41
16 cz 42 49
16 t 43
16 cz 44 51
16 y_1_2 45
16 cz 46 53
16 t 47
16 y_1_2 50
16 t 54
16 cz 55 58
16 t 56
16 x_1_2 59
17 x_1_2 0
17 x_1_2 3
17 cz 4 5
17 t 6
17 cz 7 8
17 x_1_2 9
17 t 10
17 x_1_2 11
17 cz 12 13
17 x_1_2 14
17 t 15
17 cz 16 17
17 x_1_2 18
17 x_1_2 20
17 x_1_2 22
17 cz 23 24
17 x_1_2 26
17 cz 27 28
17 x_1_2 30
17 cz 31 32
17 y_1_2 34
17 cz 35 36
17 y_1_2 38
17 t 39
17 t 41
17 cz 42 43
17 x_1_2 44
17 t 45
17 cz 46 47
17 y_1_2 49
17 t 50
17 cz 51 52
17 x_1_2 53
17 cz 54 55
17 x_1_2 58
17 t 59
18 t 0
18 cz 2 7
18 t 3
18 cz 4 9
18 x_1_2 5
18 x_1_2 8
18 t 11
18 x_1_2 12
18 cz 13 22
18 t 14
18 cz 15 24
18 y_1_2 16
18 cz 17 26
18 t 18
18 cz 19 28
18 t 20
18 x_1_2 23
18 x_1_2 27
18 t 30
18 cz 31 40
18 y_1_2 32
18 cz 33 42
18 t 34
18 cz 35 44
18 x_1_2 36
18 cz 37 46
18 t 38
18 y_1_2 43
18 x_1_2 47
18 t 49
18 cz 50 55
18 y_1_2 51
18 cz 52 57
18 t 53
18 y_1_2 54
18 t 58
