60
4 cz 56 59
4 t 57
5 t 0
5 y_1_2 1
5 cz 2 3
5 y_1_2 4
5 y_1_2 6
5 y_1_2 8
5 cz 9 10
5 y_1_2 13
5 cz 14 15
5 x_1_2 17
5 cz 18 19
5 t 20
5 cz 21 22
5 x_1_2 23
5 t 24
5 cz 25 26
5 y_1_2 27
5 t 28
5 x_1_2 29
5 y_1_2 31
5 t 32
5 cz 33 34
5 x_1_2 35
5 t 36
5 cz 37 38
5 y_1_2 39
5 cz 40 41
5 y_1_2 43
5 cz 44 45
5 x_1_2 48
5 cz 49 50
5 y_1_2 52
5 t 53
5 t 55
5 cz 56 57
5 x_1_2 59
6 t 1
6 x_1_2 2
6 cz 3 8
6 t 4
6 cz 5 10
6 t 6
6 x_1_2 9
6 cz 12 21
6 t 13
6 cz 14 23
6 x_1_2 15
6 cz 16 25
6 t 17
6 cz 18 27
6 x_1_2 19
6 y_1_2 22
6 y_1_2 26
6 t 29
6 t 31
6 cz 32 41
6 x_1_2 33
6 cz 34 43
6 t 35
6 cz 36 45
6 y_1_2 37
6 cz 38 47
6 t 39
6 x_1_2 40
6 x_1_2 44
6 t 48
6 cz 49 54
6 y_1_2 50
6 cz 51 56
6 t 52
6 y_1_2 57
6 t 59
7 t 2
7 cz 3 4
7 x_1_2 5
7 cz 6 7
7 x_1_2 8
7 t 9
7 cz 10 11
7 x_1_2 12
7 x_1_2 14
7 cz 15 16
7 y_1_2 18
7 t 19
7 x_1_2 21
7 cz 22 23
7 x_1_2 25
7 cz 26 27
7 cz 30 31
7 y_1_2 32
7 t 33
7 cz 34 35
7 x_1_2 36
7 t 37
7 cz 38 39
7 t 40
7 cz 41 42
7 y_1_2 43
