60
19 cz 0 1
19 y_1_2 2
19 x_1_2 4
19 t 5
19 y_1_2 7
19 cz 8 9
19 t 12
19 cz 13 14
19 y_1_2 15
19 t 16
19 cz 17 18
19 x_1_2 19
19 cz 20 21
19 x_1_2 22
19 t 23
19 cz 24 25
19 y_1_2 26
19 t 27
19 cz 28 29
19 y_1_2 31
19 cz 32 33
19 y_1_2 35
19 cz 36 37
19 y_1_2 40
19 y_1_2 42
19 cz 43 44
19 x_1_2 46
19 t 47
19 cz 48 49
19 y_1_2 50
19 t 51
19 cz 52 53
19 t 54
19 cz 55 56
19 x_1_2 57
20 x_1_2 0
20 cz 1 4
20 t 2
20 cz 6 13
20 t 7
20 cz 8 15
20 y_1_2 9
20 cz 10 17
20 y_1_2 14
20 x_1_2 18
20 t 19
20 y_1_2 20
20 cz 21 31
20 t 22
20 cz 23 33
20 y_1_2 24
20 cz 25 35
20 t 26
20 cz 27 37
20 x_1_2 28
20 cz 29 39
20 x_1_2 32
20 x_1_2 36
20 t 40
20 cz 41 48
20 t 42
20 cz 43 50
20 x_1_2 44
20 cz 45 52
20 t 46
20 y_1_2 49
20 x_1_2 53
20 y_1_2 55
20 cz 56 59
20 t 57
21 t 0
21 y_1_2 1
21 cz 2 3
21 y_1_2 4
21 x_1_2 6
21 y_1_2 8
21 cz 9 10
21 x_1_2 13
21 cz 14 15
21 x_1_2 17
21 cz 18 19
21 t 20
21 cz 21 22
21 x_1_2 23
21 t 24
21 cz 25 26
21 y_1_2 27
21 t 28
21 x_1_2 29
21 x_1_2 31
21 t 32
21 cz 33 34
21 x_1_2 35
21 t 36
21 cz 37 38
21 x_1_2 39
21 cz 40 41
21 y_1_2 43
21 cz 44 45
21 x_1_2 48
