60
13 t 24
13 cz 25 26
13 y_1_2 27
13 t 28
13 y_1_2 29
13 y_1_2 31
13 t 32
13 cz 33 34
13 y_1_2 35
13 t 36
13 cz 37 38
13 x_1_2 39
13 cz 40 41
13 x_1_2 43
13 cz 44 45
13 x_1_2 48
13 cz 49 50
13 y_1_2 52
13 t 53
13 t 55
13 cz 56 57
13 y_1_2 59
14 t 1
14 y_1_2 2
14 cz 3 8
14 t 4
14 cz 5 10
14 t 6
14 y_1_2 9
14 cz 12 21
14 t 13
14 cz 14 23
14 x_1_2 15
14 cz 16 25
14 t 17
14 cz 18 27
14 x_1_2 19
14 y_1_2 22
14 x_1_2 26
14 t 29
14 t 31
14 cz 32 41
14 x_1_2 33
14 cz 34 43
14 t 35
14 cz 36 45
14 x_1_2 37
14 cz 38 47
14 t 39
14 x_1_2 40
14 y_1_2 44
14 t 48
14 cz 49 54
14 x_1_2 50
14 cz 51 56
14 t 52
14 x_1_2 57
14 t 59
15 t 2
15 cz 3 4
15 x_1_2 5
15 cz 6 7
15 x_1_2 8
15 t 9
15 cz 10 11
15 x_1_2 12
15 y_1_2 14
15 cz 15 16
15 x_1_2 18
15 t 19
15 x_1_2 21
15 cz 22 23
15 y_1_2 25
15 cz 26 27
15 cz 30 31
15 x_1_2 32
15 t 33
15 cz 34 35
15 y_1_2 36
15 t 37
15 cz 38 39
15 t 40
15 cz 41 42
15 y_1_2 43
15 t 44
15 cz 45 46
15 y_1_2 47
15 x_1_2 49
15 cz 50 51
15 y_1_2 54
15 y_1_2 56
15 t 57
15 cz 58 59
16 cz 0 3
16 x_1_2 4
16 t 5
16 x_1_2 6
16 cz 7 14
16 t 8
16 cz 9 16
