121
72 cz 9 20
72 cz 53 64
72 cz 97 108
72 cz 32 43
72 cz 76 87
72 x_1_2 4
72 y_1_2 8
72 x_1_2 13
72 x_1_2 17
72 x_1_2 21
72 t 23
72 x_1_2 25
72 t 27
72 y_1_2 29
72 t 31
72 x_1_2 34
72 x_1_2 38
72 y_1_2 42
72 t 44
72 t 46
72 x_1_2 48
72 t 50
72 y_1_2 52
72 t 54
72 x_1_2 57
72 x_1_2 61
72 y_1_2 65
72 t 67
72 y_1_2 69
72 t 71
72 x_1_2 73
72 t 75
72 y_1_2 78
72 y_1_2 82
72 y_1_2 86
72 t 88
72 t 90
72 x_1_2 92
72 t 94
72 x_1_2 96
72 t 98
72 y_1_2 101
72 x_1_2 105
72 x_1_2 109
72 t 111
72 y_1_2 113
72 y_1_2 114
72 t 115
72 y_1_2 117
72 x_1_2 118
72 t 119
73 cz 0 1
73 cz 4 5
73 cz 8 9
73 cz 13 14
73 cz 17 18
73 cz 22 23
73 cz 26 27
73 cz 30 31
73 cz 35 36
73 cz 39 40
73 cz 44 45
73 cz 48 49
73 cz 52 53
73 cz 57 58
73 cz 61 62
73 cz 66 67
73 cz 70 71
73 cz 74 75
73 cz 79 80
73 cz 83 84
73 cz 88 89
73 cz 92 93
73 cz 96 97
73 cz 101 102
73 cz 105 106
73 cz 110 111
73 cz 114 115
73 cz 118 119
73 y_1_2 3
73 x_1_2 7
73 y_1_2 12
73 x_1_2 16
73 x_1_2 20
73 t 21
73 x_1_2 24
73 t 25
73 x_1_2 28
73 t 29
73 x_1_2 32
73 x_1_2 33
73 t 34
73 y_1_2 37
73 t 38
73 x_1_2 41
73 t 42
73 x_1_2 43
73 x_1_2 47
73 x_1_2 51
73 y_1_2 56
