121
47 t 116
47 x_1_2 119
48 cz 22 33
48 cz 66 77
48 cz 1 12
48 cz 45 56
48 cz 89 100
48 cz 24 35
48 cz 68 79
48 cz 3 14
48 cz 47 58
48 cz 91 102
48 cz 26 37
48 cz 70 81
48 cz 5 16
48 cz 49 60
48 cz 93 104
48 cz 28 39
48 cz 72 83
48 cz 7 18
48 cz 51 62
48 cz 95 106
48 cz 30 41
48 cz 74 85
48 cz 9 20
48 cz 53 64
48 cz 97 108
48 cz 32 43
48 cz 76 87
48 y_1_2 4
48 y_1_2 8
48 y_1_2 13
48 y_1_2 17
48 y_1_2 21
48 t 23
48 x_1_2 25
48 t 27
48 x_1_2 29
48 t 31
48 x_1_2 34
48 y_1_2 38
48 y_1_2 42
48 t 44
48 t 46
48 x_1_2 48
48 t 50
48 y_1_2 52
48 t 54
48 y_1_2 57
48 y_1_2 61
48 x_1_2 65
48 t 67
48 x_1_2 69
48 t 71
48 y_1_2 73
48 t 75
48 x_1_2 78
48 x_1_2 82
48 y_1_2 86
48 t 88
48 t 90
48 x_1_2 92
48 t 94
48 x_1_2 96
48 t 98
48 x_1_2 101
48 x_1_2 105
48 y_1_2 109
48 t 111
48 x_1_2 113
48 x_1_2 114
48 t 115
48 x_1_2 117
48 x_1_2 118
48 t 119
49 cz 0 1
49 cz 4 5
49 cz 8 9
49 cz 13 14
49 cz 17 18
49 cz 22 23
49 cz 26 27
49 cz 30 31
49 cz 35 36
49 cz 39 40
49 cz 44 45
49 cz 48 49
49 cz 52 53
49 cz 57 58
49 cz 61 62
49 cz 66 67
49 cz 70 71
49 cz 74 75
49 cz 79 80
49 cz 83 84
49 cz 88 89
49 cz 92 93
49 cz 96 97
49 cz 101 102
49 cz 105 106
