121
29 cz 33 34
29 cz 37 38
29 cz 41 42
29 cz 46 47
29 cz 50 51
29 cz 55 56
29 cz 59 60
29 cz 63 64
29 cz 68 69
29 cz 72 73
29 cz 77 78
29 cz 81 82
29 cz 85 86
29 cz 90 91
29 cz 94 95
29 cz 99 100
29 cz 103 104
29 cz 107 108
29 cz 112 113
29 cz 116 117
29 y_1_2 0
29 t 1
29 y_1_2 4
29 t 5
29 x_1_2 8
29 t 9
29 y_1_2 10
29 x_1_2 13
29 t 14
29 x_1_2 17
29 t 18
29 x_1_2 21
29 x_1_2 23
29 y_1_2 27
29 y_1_2 31
29 t 32
29 y_1_2 36
29 y_1_2 40
29 y_1_2 44
29 t 45
29 y_1_2 48
29 t 49
29 y_1_2 52
29 t 53
29 y_1_2 54
29 y_1_2 57
29 t 58
29 x_1_2 61
29 t 62
29 y_1_2 65
29 y_1_2 67
29 y_1_2 71
29 y_1_2 75
29 t 76
29 y_1_2 80
29 y_1_2 84
29 x_1_2 88
29 t 89
29 y_1_2 92
29 t 93
29 x_1_2 96
29 t 97
29 y_1_2 98
29 x_1_2 101
29 t 102
29 x_1_2 105
29 t 106
29 y_1_2 109
29 t 111
29 t 115
29 t 119
29 t 120
30 cz 33 44
30 cz 77 88
30 cz 12 23
30 cz 56 67
30 cz 100 111
30 cz 35 46
30 cz 79 90
30 cz 14 25
30 cz 58 69
30 cz 102 113
30 cz 37 48
30 cz 81 92
30 cz 16 27
30 cz 60 71
30 cz 104 115
30 cz 39 50
30 cz 83 94
30 cz 18 29
30 cz 62 73
30 cz 106 117
30 cz 41 52
30 cz 85 96
30 cz 20 31
30 cz 64 75
30 cz 108 119
30 cz 43 54
30 cz 87 98
30 t 0
