121
18 cz 63 74
18 cz 107 118
18 cz 42 53
18 cz 86 97
18 cz 21 32
18 cz 65 76
18 cz 109 120
18 x_1_2 0
18 x_1_2 1
18 t 3
18 x_1_2 4
18 y_1_2 5
18 t 7
18 y_1_2 8
18 y_1_2 9
18 t 12
18 x_1_2 14
18 t 16
18 x_1_2 18
18 t 20
18 y_1_2 23
18 y_1_2 27
18 x_1_2 31
18 t 33
18 x_1_2 35
18 t 37
18 y_1_2 39
18 t 41
18 t 43
18 x_1_2 44
18 y_1_2 48
18 y_1_2 52
18 t 56
18 y_1_2 58
18 t 60
18 x_1_2 62
18 t 64
18 x_1_2 67
18 x_1_2 71
18 x_1_2 75
18 t 77
18 x_1_2 79
18 t 81
18 x_1_2 83
18 t 85
18 t 87
18 y_1_2 88
18 y_1_2 92
18 x_1_2 96
18 t 100
18 y_1_2 102
18 t 104
18 x_1_2 106
18 t 108
18 x_1_2 111
18 y_1_2 115
18 y_1_2 119
19 cz 1 2
19 cz 5 6
19 cz 9 10
19 cz 14 15
19 cz 18 19
19 cz 23 24
19 cz 27 28
19 cz 31 32
19 cz 36 37
19 cz 40 41
19 cz 45 46
19 cz 49 50
19 cz 53 54
19 cz 58 59
19 cz 62 63
19 cz 67 68
19 cz 71 72
19 cz 75 76
19 cz 80 81
19 cz 84 85
19 cz 89 90
19 cz 93 94
19 cz 97 98
19 cz 102 103
19 cz 106 107
19 cz 111 112
19 cz 115 116
19 cz 119 120
19 t 0
19 t 4
19 t 8
19 x_1_2 11
19 x_1_2 13
19 x_1_2 17
19 x_1_2 21
19 y_1_2 22
19 y_1_2 26
19 x_1_2 30
19 x_1_2 34
19 t 35
19 x_1_2 38
19 t 39
19 y_1_2 42
