121
37 cz 68 69
37 cz 72 73
37 cz 77 78
37 cz 81 82
37 cz 85 86
37 cz 90 91
37 cz 94 95
37 cz 99 100
37 cz 103 104
37 cz 107 108
37 cz 112 113
37 cz 116 117
37 y_1_2 0
37 t 1
37 x_1_2 4
37 t 5
37 y_1_2 8
37 t 9
37 y_1_2 10
37 x_1_2 13
37 t 14
37 x_1_2 17
37 t 18
37 x_1_2 21
37 x_1_2 23
37 y_1_2 27
37 y_1_2 31
37 t 32
37 x_1_2 36
37 y_1_2 40
37 x_1_2 44
37 t 45
37 x_1_2 48
37 t 49
37 y_1_2 52
37 t 53
37 y_1_2 54
37 y_1_2 57
37 t 58
37 y_1_2 61
37 t 62
37 x_1_2 65
37 y_1_2 67
37 x_1_2 71
37 x_1_2 75
37 t 76
37 x_1_2 80
37 y_1_2 84
37 x_1_2 88
37 t 89
37 y_1_2 92
37 t 93
37 y_1_2 96
37 t 97
37 y_1_2 98
37 y_1_2 101
37 t 102
37 x_1_2 105
37 t 106
37 x_1_2 109
37 t 111
37 t 115
37 t 119
37 t 120
38 cz 33 44
38 cz 77 88
38 cz 12 23
38 cz 56 67
38 cz 100 111
38 cz 35 46
38 cz 79 90
38 cz 14 25
38 cz 58 69
38 cz 102 113
38 cz 37 48
38 cz 81 92
38 cz 16 27
38 cz 60 71
38 cz 104 115
38 cz 39 50
38 cz 83 94
38 cz 18 29
38 cz 62 73
38 cz 106 117
38 cz 41 52
38 cz 85 96
38 cz 20 31
38 cz 64 75
38 cz 108 119
38 cz 43 54
38 cz 87 98
38 t 0
38 y_1_2 2
38 y_1_2 3
38 t 4
38 x_1_2 6
38 x_1_2 7
38 t 8
38 t 10
38 x_1_2 11
