121
43 x_1_2 105
43 x_1_2 109
43 x_1_2 110
43 x_1_2 114
43 x_1_2 118
44 cz 0 11
44 cz 44 55
44 cz 88 99
44 cz 23 34
44 cz 67 78
44 cz 2 13
44 cz 46 57
44 cz 90 101
44 cz 25 36
44 cz 69 80
44 cz 4 15
44 cz 48 59
44 cz 92 103
44 cz 27 38
44 cz 71 82
44 cz 6 17
44 cz 50 61
44 cz 94 105
44 cz 29 40
44 cz 73 84
44 cz 8 19
44 cz 52 63
44 cz 96 107
44 cz 31 42
44 cz 75 86
44 cz 10 21
44 cz 54 65
44 cz 98 109
44 y_1_2 1
44 y_1_2 5
44 y_1_2 9
44 x_1_2 14
44 y_1_2 18
44 t 22
44 y_1_2 24
44 t 26
44 y_1_2 28
44 t 30
44 x_1_2 32
44 x_1_2 37
44 x_1_2 41
44 x_1_2 45
44 t 47
44 y_1_2 49
44 t 51
44 y_1_2 53
44 x_1_2 58
44 y_1_2 62
44 t 66
44 y_1_2 68
44 t 70
44 y_1_2 72
44 t 74
44 x_1_2 76
44 y_1_2 81
44 x_1_2 85
44 y_1_2 89
44 t 91
44 y_1_2 93
44 t 95
44 x_1_2 97
44 y_1_2 102
44 x_1_2 106
44 t 110
44 x_1_2 111
44 y_1_2 112
44 t 114
44 x_1_2 115
44 x_1_2 116
44 t 118
44 x_1_2 119
44 x_1_2 120
45 cz 2 3
45 cz 6 7
45 cz 11 12
45 cz 15 16
45 cz 19 20
45 cz 24 25
45 cz 28 29
45 cz 33 34
45 cz 37 38
45 cz 41 42
45 cz 46 47
45 cz 50 51
45 cz 55 56
45 cz 59 60
45 cz 63 64
45 cz 68 69
45 cz 72 73
45 cz 77 78
45 cz 81 82
45 cz 85 86
45 cz 90 91
45 cz 94 95
45 cz 99 100
