121
60 cz 48 59
60 cz 92 103
60 cz 27 38
60 cz 71 82
60 cz 6 17
60 cz 50 61
60 cz 94 105
60 cz 29 40
60 cz 73 84
60 cz 8 19
60 cz 52 63
60 cz 96 107
60 cz 31 42
60 cz 75 86
60 cz 10 21
60 cz 54 65
60 cz 98 109
60 x_1_2 1
60 x_1_2 5
60 x_1_2 9
60 x_1_2 14
60 x_1_2 18
60 t 22
60 x_1_2 24
60 t 26
60 y_1_2 28
60 t 30
60 x_1_2 32
60 x_1_2 37
60 y_1_2 41
60 y_1_2 45
60 t 47
60 y_1_2 49
60 t 51
60 y_1_2 53
60 y_1_2 58
60 y_1_2 62
60 t 66
60 x_1_2 68
60 t 70
60 y_1_2 72
60 t 74
60 x_1_2 76
60 x_1_2 81
60 x_1_2 85
60 x_1_2 89
60 t 91
60 y_1_2 93
60 t 95
60 y_1_2 97
60 x_1_2 102
60 x_1_2 106
60 t 110
60 x_1_2 111
60 y_1_2 112
60 t 114
60 y_1_2 115
60 y_1_2 116
60 t 118
60 x_1_2 119
60 x_1_2 120
61 cz 2 3
61 cz 6 7
61 cz 11 12
61 cz 15 16
61 cz 19 20
61 cz 24 25
61 cz 28 29
61 cz 33 34
61 cz 37 38
61 cz 41 42
61 cz 46 47
61 cz 50 51
61 cz 55 56
61 cz 59 60
61 cz 63 64
61 cz 68 69
61 cz 72 73
61 cz 77 78
61 cz 81 82
61 cz 85 86
61 cz 90 91
61 cz 94 95
61 cz 99 100
61 cz 103 104
61 cz 107 108
61 cz 112 113
61 cz 116 117
61 x_1_2 0
61 t 1
61 x_1_2 4
61 t 5
61 y_1_2 8
61 t 9
61 y_1_2 10
61 x_1_2 13
61 t 14
61 x_1_2 17
61 t 18
61 x_1_2 21
