121
39 t 99
39 y_1_2 102
39 t 103
39 x_1_2 106
39 t 107
39 y_1_2 111
39 t 112
39 x_1_2 115
39 t 116
39 x_1_2 119
40 cz 22 33
40 cz 66 77
40 cz 1 12
40 cz 45 56
40 cz 89 100
40 cz 24 35
40 cz 68 79
40 cz 3 14
40 cz 47 58
40 cz 91 102
40 cz 26 37
40 cz 70 81
40 cz 5 16
40 cz 49 60
40 cz 93 104
40 cz 28 39
40 cz 72 83
40 cz 7 18
40 cz 51 62
40 cz 95 106
40 cz 30 41
40 cz 74 85
40 cz 9 20
40 cz 53 64
40 cz 97 108
40 cz 32 43
40 cz 76 87
40 x_1_2 4
40 y_1_2 8
40 y_1_2 13
40 x_1_2 17
40 y_1_2 21
40 t 23
40 x_1_2 25
40 t 27
40 y_1_2 29
40 t 31
40 y_1_2 34
40 y_1_2 38
40 y_1_2 42
40 t 44
40 t 46
40 x_1_2 48
40 t 50
40 y_1_2 52
40 t 54
40 y_1_2 57
40 x_1_2 61
40 x_1_2 65
40 t 67
40 x_1_2 69
40 t 71
40 x_1_2 73
40 t 75
40 y_1_2 78
40 x_1_2 82
40 x_1_2 86
40 t 88
40 t 90
40 y_1_2 92
40 t 94
40 x_1_2 96
40 t 98
40 x_1_2 101
40 x_1_2 105
40 y_1_2 109
40 t 111
40 y_1_2 113
40 y_1_2 114
40 t 115
40 x_1_2 117
40 x_1_2 118
40 t 119
41 cz 0 1
41 cz 4 5
41 cz 8 9
41 cz 13 14
41 cz 17 18
41 cz 22 23
41 cz 26 27
41 cz 30 31
41 cz 35 36
41 cz 39 40
41 cz 44 45
41 cz 48 49
41 cz 52 53
41 cz 57 58
41 cz 61 62
41 cz 66 67
41 cz 70 71
