121
6 cz 100 111
6 cz 35 46
6 cz 79 90
6 cz 14 25
6 cz 58 69
6 cz 102 113
6 cz 37 48
6 cz 81 92
6 cz 16 27
6 cz 60 71
6 cz 104 115
6 cz 39 50
6 cz 83 94
6 cz 18 29
6 cz 62 73
6 cz 106 117
6 cz 41 52
6 cz 85 96
6 cz 20 31
6 cz 64 75
6 cz 108 119
6 cz 43 54
6 cz 87 98
6 t 0
6 x_1_2 2
6 x_1_2 3
6 t 4
6 y_1_2 6
6 x_1_2 7
6 t 8
6 t 10
6 x_1_2 11
6 t 13
6 x_1_2 15
6 t 17
6 y_1_2 19
6 t 21
6 y_1_2 24
6 x_1_2 28
6 x_1_2 34
6 t 36
6 x_1_2 38
6 t 40
6 x_1_2 42
6 x_1_2 47
6 y_1_2 51
6 x_1_2 55
6 t 57
6 x_1_2 59
6 t 61
6 y_1_2 63
6 t 65
6 x_1_2 68
6 x_1_2 72
6 y_1_2 78
6 t 80
6 x_1_2 82
6 t 84
6 x_1_2 86
6 y_1_2 91
6 y_1_2 95
6 y_1_2 99
6 t 101
6 x_1_2 103
6 t 105
6 y_1_2 107
6 t 109
6 y_1_2 112
6 x_1_2 116
7 cz 3 4
7 cz 7 8
7 cz 12 13
7 cz 16 17
7 cz 20 21
7 cz 25 26
7 cz 29 30
7 cz 34 35
7 cz 38 39
7 cz 42 43
7 cz 47 48
7 cz 51 52
7 cz 56 57
7 cz 60 61
7 cz 64 65
7 cz 69 70
7 cz 73 74
7 cz 78 79
7 cz 82 83
7 cz 86 87
7 cz 91 92
7 cz 95 96
7 cz 100 101
7 cz 104 105
7 cz 108 109
7 cz 113 114
7 cz 117 118
7 t 2
7 t 6
7 t 11
7 y_1_2 14
