121
22 cz 41 52
22 cz 85 96
22 cz 20 31
22 cz 64 75
22 cz 108 119
22 cz 43 54
22 cz 87 98
22 t 0
22 y_1_2 2
22 x_1_2 3
22 t 4
22 y_1_2 6
22 x_1_2 7
22 t 8
22 t 10
22 y_1_2 11
22 t 13
22 x_1_2 15
22 t 17
22 y_1_2 19
22 t 21
22 y_1_2 24
22 x_1_2 28
22 x_1_2 34
22 t 36
22 y_1_2 38
22 t 40
22 x_1_2 42
22 x_1_2 47
22 x_1_2 51
22 y_1_2 55
22 t 57
22 y_1_2 59
22 t 61
22 y_1_2 63
22 t 65
22 y_1_2 68
22 y_1_2 72
22 x_1_2 78
22 t 80
22 y_1_2 82
22 t 84
22 x_1_2 86
22 x_1_2 91
22 y_1_2 95
22 x_1_2 99
22 t 101
22 y_1_2 103
22 t 105
22 x_1_2 107
22 t 109
22 y_1_2 112
22 x_1_2 116
23 cz 3 4
23 cz 7 8
23 cz 12 13
23 cz 16 17
23 cz 20 21
23 cz 25 26
23 cz 29 30
23 cz 34 35
23 cz 38 39
23 cz 42 43
23 cz 47 48
23 cz 51 52
23 cz 56 57
23 cz 60 61
23 cz 64 65
23 cz 69 70
23 cz 73 74
23 cz 78 79
23 cz 82 83
23 cz 86 87
23 cz 91 92
23 cz 95 96
23 cz 100 101
23 cz 104 105
23 cz 108 109
23 cz 113 114
23 cz 117 118
23 t 2
23 t 6
23 t 11
23 x_1_2 14
23 t 15
23 x_1_2 18
23 t 19
23 x_1_2 23
23 t 24
23 y_1_2 27
23 t 28
23 x_1_2 31
23 y_1_2 33
23 x_1_2 37
23 x_1_2 41
23 x_1_2 44
23 y_1_2 46
23 y_1_2 50
23 y_1_2 54
23 t 55
