121
16 t 111
16 y_1_2 113
16 y_1_2 114
16 t 115
16 y_1_2 117
16 y_1_2 118
16 t 119
17 cz 0 1
17 cz 4 5
17 cz 8 9
17 cz 13 14
17 cz 17 18
17 cz 22 23
17 cz 26 27
17 cz 30 31
17 cz 35 36
17 cz 39 40
17 cz 44 45
17 cz 48 49
17 cz 52 53
17 cz 57 58
17 cz 61 62
17 cz 66 67
17 cz 70 71
17 cz 74 75
17 cz 79 80
17 cz 83 84
17 cz 88 89
17 cz 92 93
17 cz 96 97
17 cz 101 102
17 cz 105 106
17 cz 110 111
17 cz 114 115
17 cz 118 119
17 x_1_2 3
17 x_1_2 7
17 x_1_2 12
17 y_1_2 16
17 y_1_2 20
17 t 21
17 y_1_2 24
17 t 25
17 x_1_2 28
17 t 29
17 y_1_2 32
17 y_1_2 33
17 t 34
17 x_1_2 37
17 t 38
17 y_1_2 41
17 t 42
17 y_1_2 43
17 x_1_2 47
17 y_1_2 51
17 x_1_2 56
17 x_1_2 60
17 y_1_2 64
17 t 65
17 y_1_2 68
17 t 69
17 y_1_2 72
17 t 73
17 y_1_2 76
17 x_1_2 77
17 t 78
17 x_1_2 81
17 t 82
17 x_1_2 85
17 t 86
17 x_1_2 87
17 y_1_2 91
17 y_1_2 95
17 y_1_2 100
17 y_1_2 104
17 x_1_2 108
17 t 109
17 t 113
17 t 117
18 cz 11 22
18 cz 55 66
18 cz 99 110
18 cz 34 45
18 cz 78 89
18 cz 13 24
18 cz 57 68
18 cz 101 112
18 cz 36 47
18 cz 80 91
18 cz 15 26
18 cz 59 70
18 cz 103 114
18 cz 38 49
18 cz 82 93
18 cz 17 28
18 cz 61 72
18 cz 105 116
18 cz 40 51
18 cz 84 95
18 cz 19 30
