121
64 cz 93 104
64 cz 28 39
64 cz 72 83
64 cz 7 18
64 cz 51 62
64 cz 95 106
64 cz 30 41
64 cz 74 85
64 cz 9 20
64 cz 53 64
64 cz 97 108
64 cz 32 43
64 cz 76 87
64 x_1_2 4
64 y_1_2 8
64 x_1_2 13
64 y_1_2 17
64 x_1_2 21
64 t 23
64 y_1_2 25
64 t 27
64 x_1_2 29
64 t 31
64 x_1_2 34
64 x_1_2 38
64 y_1_2 42
64 t 44
64 t 46
64 y_1_2 48
64 t 50
64 x_1_2 52
64 t 54
64 x_1_2 57
64 x_1_2 61
64 x_1_2 65
64 t 67
64 y_1_2 69
64 t 71
64 y_1_2 73
64 t 75
64 x_1_2 78
64 x_1_2 82
64 x_1_2 86
64 t 88
64 t 90
64 x_1_2 92
64 t 94
64 y_1_2 96
64 t 98
64 y_1_2 101
64 x_1_2 105
64 y_1_2 109
64 t 111
64 x_1_2 113
64 y_1_2 114
64 t 115
64 y_1_2 117
64 x_1_2 118
64 t 119
65 cz 0 1
65 cz 4 5
65 cz 8 9
65 cz 13 14
65 cz 17 18
65 cz 22 23
65 cz 26 27
65 cz 30 31
65 cz 35 36
65 cz 39 40
65 cz 44 45
65 cz 48 49
65 cz 52 53
65 cz 57 58
65 cz 61 62
65 cz 66 67
65 cz 70 71
65 cz 74 75
65 cz 79 80
65 cz 83 84
65 cz 88 89
65 cz 92 93
65 cz 96 97
65 cz 101 102
65 cz 105 106
65 cz 110 111
65 cz 114 115
65 cz 118 119
65 x_1_2 3
65 y_1_2 7
65 y_1_2 12
65 x_1_2 16
65 y_1_2 20
65 t 21
65 y_1_2 24
65 t 25
65 x_1_2 28
65 t 29
65 x_1_2 32
65 x_1_2 33
65 t 34
