121
70 t 105
70 x_1_2 107
70 t 109
70 y_1_2 112
70 y_1_2 116
71 cz 3 4
71 cz 7 8
71 cz 12 13
71 cz 16 17
71 cz 20 21
71 cz 25 26
71 cz 29 30
71 cz 34 35
71 cz 38 39
71 cz 42 43
71 cz 47 48
71 cz 51 52
71 cz 56 57
71 cz 60 61
71 cz 64 65
71 cz 69 70
71 cz 73 74
71 cz 78 79
71 cz 82 83
71 cz 86 87
71 cz 91 92
71 cz 95 96
71 cz 100 101
71 cz 104 105
71 cz 108 109
71 cz 113 114
71 cz 117 118
71 t 2
71 t 6
71 t 11
71 y_1_2 14
71 t 15
71 y_1_2 18
71 t 19
71 y_1_2 23
71 t 24
71 y_1_2 27
71 t 28
71 y_1_2 31
71 y_1_2 33
71 x_1_2 37
71 y_1_2 41
71 y_1_2 44
71 y_1_2 46
71 x_1_2 50
71 y_1_2 54
71 t 55
71 x_1_2 58
71 t 59
71 y_1_2 62
71 t 63
71 y_1_2 67
71 t 68
71 x_1_2 71
71 t 72
71 y_1_2 75
71 y_1_2 77
71 x_1_2 81
71 y_1_2 85
71 y_1_2 88
71 y_1_2 90
71 x_1_2 94
71 x_1_2 98
71 t 99
71 x_1_2 102
71 t 103
71 y_1_2 106
71 t 107
71 x_1_2 111
71 t 112
71 x_1_2 115
71 t 116
71 y_1_2 119
72 cz 22 33
72 cz 66 77
72 cz 1 12
72 cz 45 56
72 cz 89 100
72 cz 24 35
72 cz 68 79
72 cz 3 14
72 cz 47 58
72 cz 91 102
72 cz 26 37
72 cz 70 81
72 cz 5 16
72 cz 49 60
72 cz 93 104
72 cz 28 39
72 cz 72 83
72 cz 7 18
72 cz 51 62
72 cz 95 106
72 cz 30 41
72 cz 74 85
