121
8 t 90
8 y_1_2 92
8 t 94
8 x_1_2 96
8 t 98
8 x_1_2 101
8 y_1_2 105
8 x_1_2 109
8 t 111
8 x_1_2 113
8 y_1_2 114
8 t 115
8 y_1_2 117
8 x_1_2 118
8 t 119
9 cz 0 1
9 cz 4 5
9 cz 8 9
9 cz 13 14
9 cz 17 18
9 cz 22 23
9 cz 26 27
9 cz 30 31
9 cz 35 36
9 cz 39 40
9 cz 44 45
9 cz 48 49
9 cz 52 53
9 cz 57 58
9 cz 61 62
9 cz 66 67
9 cz 70 71
9 cz 74 75
9 cz 79 80
9 cz 83 84
9 cz 88 89
9 cz 92 93
9 cz 96 97
9 cz 101 102
9 cz 105 106
9 cz 110 111
9 cz 114 115
9 cz 118 119
9 x_1_2 3
9 x_1_2 7
9 x_1_2 12
9 x_1_2 16
9 y_1_2 20
9 t 21
9 x_1_2 24
9 t 25
9 x_1_2 28
9 t 29
9 x_1_2 32
9 y_1_2 33
9 t 34
9 x_1_2 37
9 t 38
9 y_1_2 41
9 t 42
9 x_1_2 43
9 y_1_2 47
9 x_1_2 51
9 x_1_2 56
9 y_1_2 60
9 x_1_2 64
9 t 65
9 x_1_2 68
9 t 69
9 x_1_2 72
9 t 73
9 x_1_2 76
9 y_1_2 77
9 t 78
9 y_1_2 81
9 t 82
9 y_1_2 85
9 t 86
9 y_1_2 87
9 x_1_2 91
9 y_1_2 95
9 y_1_2 100
9 y_1_2 104
9 x_1_2 108
9 t 109
9 t 113
9 t 117
10 cz 11 22
10 cz 55 66
10 cz 99 110
10 cz 34 45
10 cz 78 89
10 cz 13 24
10 cz 57 68
10 cz 101 112
10 cz 36 47
10 cz 80 91
10 cz 15 26
10 cz 59 70
10 cz 103 114
