121
10 cz 38 49
10 cz 82 93
10 cz 17 28
10 cz 61 72
10 cz 105 116
10 cz 40 51
10 cz 84 95
10 cz 19 30
10 cz 63 74
10 cz 107 118
10 cz 42 53
10 cz 86 97
10 cz 21 32
10 cz 65 76
10 cz 109 120
10 x_1_2 0
10 x_1_2 1
10 t 3
10 y_1_2 4
10 x_1_2 5
10 t 7
10 y_1_2 8
10 x_1_2 9
10 t 12
10 y_1_2 14
10 t 16
10 y_1_2 18
10 t 20
10 y_1_2 23
10 y_1_2 27
10 x_1_2 31
10 t 33
10 x_1_2 35
10 t 37
10 x_1_2 39
10 t 41
10 t 43
10 x_1_2 44
10 x_1_2 48
10 y_1_2 52
10 t 56
10 y_1_2 58
10 t 60
10 y_1_2 62
10 t 64
10 y_1_2 67
10 x_1_2 71
10 x_1_2 75
10 t 77
10 y_1_2 79
10 t 81
10 x_1_2 83
10 t 85
10 t 87
10 x_1_2 88
10 x_1_2 92
10 x_1_2 96
10 t 100
10 y_1_2 102
10 t 104
10 y_1_2 106
10 t 108
10 y_1_2 111
10 x_1_2 115
10 x_1_2 119
11 cz 1 2
11 cz 5 6
11 cz 9 10
11 cz 14 15
11 cz 18 19
11 cz 23 24
11 cz 27 28
11 cz 31 32
11 cz 36 37
11 cz 40 41
11 cz 45 46
11 cz 49 50
11 cz 53 54
11 cz 58 59
11 cz 62 63
11 cz 67 68
11 cz 71 72
11 cz 75 76
11 cz 80 81
11 cz 84 85
11 cz 89 90
11 cz 93 94
11 cz 97 98
11 cz 102 103
11 cz 106 107
11 cz 111 112
11 cz 115 116
11 cz 119 120
11 t 0
11 t 4
11 t 8
11 x_1_2 11
11 y_1_2 13
11 y_1_2 17
11 x_1_2 21
