121
33 cz 39 40
33 cz 44 45
33 cz 48 49
33 cz 52 53
33 cz 57 58
33 cz 61 62
33 cz 66 67
33 cz 70 71
33 cz 74 75
33 cz 79 80
33 cz 83 84
33 cz 88 89
33 cz 92 93
33 cz 96 97
33 cz 101 102
33 cz 105 106
33 cz 110 111
33 cz 114 115
33 cz 118 119
33 x_1_2 3
33 y_1_2 7
33 y_1_2 12
33 x_1_2 16
33 x_1_2 20
33 t 21
33 y_1_2 24
33 t 25
33 y_1_2 28
33 t 29
33 x_1_2 32
33 x_1_2 33
33 t 34
33 y_1_2 37
33 t 38
33 x_1_2 41
33 t 42
33 y_1_2 43
33 y_1_2 47
33 y_1_2 51
33 x_1_2 56
33 y_1_2 60
33 x_1_2 64
33 t 65
33 x_1_2 68
33 t 69
33 y_1_2 72
33 t 73
33 y_1_2 76
33 x_1_2 77
33 t 78
33 x_1_2 81
33 t 82
33 x_1_2 85
33 t 86
33 y_1_2 87
33 x_1_2 91
33 x_1_2 95
33 x_1_2 100
33 y_1_2 104
33 y_1_2 108
33 t 109
33 t 113
33 t 117
34 cz 11 22
34 cz 55 66
34 cz 99 110
34 cz 34 45
34 cz 78 89
34 cz 13 24
34 cz 57 68
34 cz 101 112
34 cz 36 47
34 cz 80 91
34 cz 15 26
34 cz 59 70
34 cz 103 114
34 cz 38 49
34 cz 82 93
34 cz 17 28
34 cz 61 72
34 cz 105 116
34 cz 40 51
34 cz 84 95
34 cz 19 30
34 cz 63 74
34 cz 107 118
34 cz 42 53
34 cz 86 97
34 cz 21 32
34 cz 65 76
34 cz 109 120
34 x_1_2 0
34 y_1_2 1
34 t 3
34 y_1_2 4
34 x_1_2 5
34 t 7
34 y_1_2 8
34 x_1_2 9
34 t 12
