121
52 cz 23 34
52 cz 67 78
52 cz 2 13
52 cz 46 57
52 cz 90 101
52 cz 25 36
52 cz 69 80
52 cz 4 15
52 cz 48 59
52 cz 92 103
52 cz 27 38
52 cz 71 82
52 cz 6 17
52 cz 50 61
52 cz 94 105
52 cz 29 40
52 cz 73 84
52 cz 8 19
52 cz 52 63
52 cz 96 107
52 cz 31 42
52 cz 75 86
52 cz 10 21
52 cz 54 65
52 cz 98 109
52 x_1_2 1
52 y_1_2 5
52 x_1_2 9
52 x_1_2 14
52 x_1_2 18
52 t 22
52 x_1_2 24
52 t 26
52 x_1_2 28
52 t 30
52 x_1_2 32
52 x_1_2 37
52 x_1_2 41
52 y_1_2 45
52 t 47
52 x_1_2 49
52 t 51
52 y_1_2 53
52 y_1_2 58
52 y_1_2 62
52 t 66
52 x_1_2 68
52 t 70
52 x_1_2 72
52 t 74
52 x_1_2 76
52 y_1_2 81
52 y_1_2 85
52 y_1_2 89
52 t 91
52 x_1_2 93
52 t 95
52 x_1_2 97
52 x_1_2 102
52 y_1_2 106
52 t 110
52 x_1_2 111
52 x_1_2 112
52 t 114
52 x_1_2 115
52 x_1_2 116
52 t 118
52 x_1_2 119
52 y_1_2 120
53 cz 2 3
53 cz 6 7
53 cz 11 12
53 cz 15 16
53 cz 19 20
53 cz 24 25
53 cz 28 29
53 cz 33 34
53 cz 37 38
53 cz 41 42
53 cz 46 47
53 cz 50 51
53 cz 55 56
53 cz 59 60
53 cz 63 64
53 cz 68 69
53 cz 72 73
53 cz 77 78
53 cz 81 82
53 cz 85 86
53 cz 90 91
53 cz 94 95
53 cz 99 100
53 cz 103 104
53 cz 107 108
53 cz 112 113
53 cz 116 117
53 y_1_2 0
53 t 1
53 x_1_2 4
53 t 5
