121
68 cz 73 84
68 cz 8 19
68 cz 52 63
68 cz 96 107
68 cz 31 42
68 cz 75 86
68 cz 10 21
68 cz 54 65
68 cz 98 109
68 x_1_2 1
68 y_1_2 5
68 x_1_2 9
68 y_1_2 14
68 y_1_2 18
68 t 22
68 y_1_2 24
68 t 26
68 x_1_2 28
68 t 30
68 y_1_2 32
68 x_1_2 37
68 y_1_2 41
68 x_1_2 45
68 t 47
68 y_1_2 49
68 t 51
68 y_1_2 53
68 x_1_2 58
68 y_1_2 62
68 t 66
68 x_1_2 68
68 t 70
68 x_1_2 72
68 t 74
68 x_1_2 76
68 x_1_2 81
68 x_1_2 85
68 y_1_2 89
68 t 91
68 y_1_2 93
68 t 95
68 y_1_2 97
68 y_1_2 102
68 y_1_2 106
68 t 110
68 y_1_2 111
68 x_1_2 112
68 t 114
68 x_1_2 115
68 x_1_2 116
68 t 118
68 y_1_2 119
68 x_1_2 120
69 cz 2 3
69 cz 6 7
69 cz 11 12
69 cz 15 16
69 cz 19 20
69 cz 24 25
69 cz 28 29
69 cz 33 34
69 cz 37 38
69 cz 41 42
69 cz 46 47
69 cz 50 51
69 cz 55 56
69 cz 59 60
69 cz 63 64
69 cz 68 69
69 cz 72 73
69 cz 77 78
69 cz 81 82
69 cz 85 86
69 cz 90 91
69 cz 94 95
69 cz 99 100
69 cz 103 104
69 cz 107 108
69 cz 112 113
69 cz 116 117
69 y_1_2 0
69 t 1
69 x_1_2 4
69 t 5
69 y_1_2 8
69 t 9
69 y_1_2 10
69 y_1_2 13
69 t 14
69 x_1_2 17
69 t 18
69 x_1_2 21
69 y_1_2 23
69 x_1_2 27
69 y_1_2 31
69 t 32
69 y_1_2 36
69 x_1_2 40
69 y_1_2 44
69 t 45
