121
1 t 95
1 t 98
1 t 99
1 t 100
1 t 103
1 t 104
1 t 107
1 t 108
1 t 109
1 t 112
1 t 113
1 t 116
1 t 117
1 t 120
2 cz 11 22
2 cz 55 66
2 cz 99 110
2 cz 34 45
2 cz 78 89
2 cz 13 24
2 cz 57 68
2 cz 101 112
2 cz 36 47
2 cz 80 91
2 cz 15 26
2 cz 59 70
2 cz 103 114
2 cz 38 49
2 cz 82 93
2 cz 17 28
2 cz 61 72
2 cz 105 116
2 cz 40 51
2 cz 84 95
2 cz 19 30
2 cz 63 74
2 cz 107 118
2 cz 42 53
2 cz 86 97
2 cz 21 32
2 cz 65 76
2 cz 109 120
2 y_1_2 0
2 y_1_2 1
2 x_1_2 4
2 x_1_2 5
2 y_1_2 8
2 y_1_2 9
2 y_1_2 14
2 x_1_2 18
2 y_1_2 23
2 y_1_2 27
2 y_1_2 31
2 x_1_2 35
2 x_1_2 39
2 x_1_2 44
2 y_1_2 48
2 y_1_2 52
2 y_1_2 58
2 y_1_2 62
2 x_1_2 67
2 x_1_2 71
2 x_1_2 75
2 x_1_2 79
2 x_1_2 83
2 x_1_2 88
2 x_1_2 92
2 y_1_2 96
2 y_1_2 102
2 y_1_2 106
2 x_1_2 111
2 x_1_2 115
2 x_1_2 119
3 cz 1 2
3 cz 5 6
3 cz 9 10
3 cz 14 15
3 cz 18 19
3 cz 23 24
3 cz 27 28
3 cz 31 32
3 cz 36 37
3 cz 40 41
3 cz 45 46
3 cz 49 50
3 cz 53 54
3 cz 58 59
3 cz 62 63
3 cz 67 68
3 cz 71 72
3 cz 75 76
3 cz 80 81
3 cz 84 85
3 cz 89 90
3 cz 93 94
3 cz 97 98
3 cz 102 103
3 cz 106 107
3 cz 111 112
3 cz 115 116
