121
58 t 77
58 y_1_2 79
58 t 81
58 y_1_2 83
58 t 85
58 t 87
58 x_1_2 88
58 x_1_2 92
58 y_1_2 96
58 t 100
58 y_1_2 102
58 t 104
58 x_1_2 106
58 t 108
58 y_1_2 111
58 y_1_2 115
58 y_1_2 119
59 cz 1 2
59 cz 5 6
59 cz 9 10
59 cz 14 15
59 cz 18 19
59 cz 23 24
59 cz 27 28
59 cz 31 32
59 cz 36 37
59 cz 40 41
59 cz 45 46
59 cz 49 50
59 cz 53 54
59 cz 58 59
59 cz 62 63
59 cz 67 68
59 cz 71 72
59 cz 75 76
59 cz 80 81
59 cz 84 85
59 cz 89 90
59 cz 93 94
59 cz 97 98
59 cz 102 103
59 cz 106 107
59 cz 111 112
59 cz 115 116
59 cz 119 120
59 t 0
59 t 4
59 t 8
59 y_1_2 11
59 x_1_2 13
59 y_1_2 17
59 x_1_2 21
59 x_1_2 22
59 x_1_2 26
59 y_1_2 30
59 x_1_2 34
59 t 35
59 y_1_2 38
59 t 39
59 x_1_2 42
59 t 44
59 y_1_2 47
59 t 48
59 x_1_2 51
59 t 52
59 x_1_2 55
59 y_1_2 57
59 x_1_2 61
59 x_1_2 65
59 y_1_2 66
59 y_1_2 70
59 x_1_2 74
59 y_1_2 78
59 t 79
59 x_1_2 82
59 t 83
59 y_1_2 86
59 t 88
59 x_1_2 91
59 t 92
59 x_1_2 95
59 t 96
59 y_1_2 99
59 y_1_2 101
59 x_1_2 105
59 y_1_2 109
59 x_1_2 110
59 y_1_2 114
59 x_1_2 118
60 cz 0 11
60 cz 44 55
60 cz 88 99
60 cz 23 34
60 cz 67 78
60 cz 2 13
60 cz 46 57
60 cz 90 101
60 cz 25 36
60 cz 69 80
60 cz 4 15
