121
14 cz 16 27
14 cz 60 71
14 cz 104 115
14 cz 39 50
14 cz 83 94
14 cz 18 29
14 cz 62 73
14 cz 106 117
14 cz 41 52
14 cz 85 96
14 cz 20 31
14 cz 64 75
14 cz 108 119
14 cz 43 54
14 cz 87 98
14 t 0
14 x_1_2 2
14 x_1_2 3
14 t 4
14 x_1_2 6
14 x_1_2 7
14 t 8
14 t 10
14 x_1_2 11
14 t 13
14 x_1_2 15
14 t 17
14 y_1_2 19
14 t 21
14 x_1_2 24
14 y_1_2 28
14 x_1_2 34
14 t 36
14 x_1_2 38
14 t 40
14 x_1_2 42
14 x_1_2 47
14 x_1_2 51
14 y_1_2 55
14 t 57
14 y_1_2 59
14 t 61
14 x_1_2 63
14 t 65
14 x_1_2 68
14 y_1_2 72
14 x_1_2 78
14 t 80
14 y_1_2 82
14 t 84
14 x_1_2 86
14 x_1_2 91
14 y_1_2 95
14 x_1_2 99
14 t 101
14 y_1_2 103
14 t 105
14 y_1_2 107
14 t 109
14 y_1_2 112
14 x_1_2 116
15 cz 3 4
15 cz 7 8
15 cz 12 13
15 cz 16 17
15 cz 20 21
15 cz 25 26
15 cz 29 30
15 cz 34 35
15 cz 38 39
15 cz 42 43
15 cz 47 48
15 cz 51 52
15 cz 56 57
15 cz 60 61
15 cz 64 65
15 cz 69 70
15 cz 73 74
15 cz 78 79
15 cz 82 83
15 cz 86 87
15 cz 91 92
15 cz 95 96
15 cz 100 101
15 cz 104 105
15 cz 108 109
15 cz 113 114
15 cz 117 118
15 t 2
15 t 6
15 t 11
15 y_1_2 14
15 t 15
15 y_1_2 18
15 t 19
15 y_1_2 23
15 t 24
15 x_1_2 27
15 t 28
15 x_1_2 31
