121
62 x_1_2 82
62 t 84
62 y_1_2 86
62 x_1_2 91
62 x_1_2 95
62 x_1_2 99
62 t 101
62 y_1_2 103
62 t 105
62 y_1_2 107
62 t 109
62 y_1_2 112
62 y_1_2 116
63 cz 3 4
63 cz 7 8
63 cz 12 13
63 cz 16 17
63 cz 20 21
63 cz 25 26
63 cz 29 30
63 cz 34 35
63 cz 38 39
63 cz 42 43
63 cz 47 48
63 cz 51 52
63 cz 56 57
63 cz 60 61
63 cz 64 65
63 cz 69 70
63 cz 73 74
63 cz 78 79
63 cz 82 83
63 cz 86 87
63 cz 91 92
63 cz 95 96
63 cz 100 101
63 cz 104 105
63 cz 108 109
63 cz 113 114
63 cz 117 118
63 t 2
63 t 6
63 t 11
63 y_1_2 14
63 t 15
63 x_1_2 18
63 t 19
63 y_1_2 23
63 t 24
63 y_1_2 27
63 t 28
63 x_1_2 31
63 y_1_2 33
63 x_1_2 37
63 x_1_2 41
63 x_1_2 44
63 x_1_2 46
63 y_1_2 50
63 x_1_2 54
63 t 55
63 x_1_2 58
63 t 59
63 x_1_2 62
63 t 63
63 x_1_2 67
63 t 68
63 x_1_2 71
63 t 72
63 x_1_2 75
63 y_1_2 77
63 y_1_2 81
63 y_1_2 85
63 x_1_2 88
63 y_1_2 90
63 x_1_2 94
63 x_1_2 98
63 t 99
63 y_1_2 102
63 t 103
63 y_1_2 106
63 t 107
63 y_1_2 111
63 t 112
63 y_1_2 115
63 t 116
63 x_1_2 119
64 cz 22 33
64 cz 66 77
64 cz 1 12
64 cz 45 56
64 cz 89 100
64 cz 24 35
64 cz 68 79
64 cz 3 14
64 cz 47 58
64 cz 91 102
64 cz 26 37
64 cz 70 81
64 cz 5 16
64 cz 49 60
