121
74 x_1_2 119
75 cz 1 2
75 cz 5 6
75 cz 9 10
75 cz 14 15
75 cz 18 19
75 cz 23 24
75 cz 27 28
75 cz 31 32
75 cz 36 37
75 cz 40 41
75 cz 45 46
75 cz 49 50
75 cz 53 54
75 cz 58 59
75 cz 62 63
75 cz 67 68
75 cz 71 72
75 cz 75 76
75 cz 80 81
75 cz 84 85
75 cz 89 90
75 cz 93 94
75 cz 97 98
75 cz 102 103
75 cz 106 107
75 cz 111 112
75 cz 115 116
75 cz 119 120
75 t 0
75 t 4
75 t 8
75 y_1_2 11
75 y_1_2 13
75 y_1_2 17
75 x_1_2 21
75 y_1_2 22
75 x_1_2 26
75 y_1_2 30
75 y_1_2 34
75 t 35
75 y_1_2 38
75 t 39
75 y_1_2 42
75 t 44
75 y_1_2 47
75 t 48
75 y_1_2 51
75 t 52
75 y_1_2 55
75 x_1_2 57
75 y_1_2 61
75 y_1_2 65
75 x_1_2 66
75 x_1_2 70
75 x_1_2 74
75 y_1_2 78
75 t 79
75 y_1_2 82
75 t 83
75 y_1_2 86
75 t 88
75 y_1_2 91
75 t 92
75 y_1_2 95
75 t 96
75 x_1_2 99
75 x_1_2 101
75 x_1_2 105
75 x_1_2 109
75 x_1_2 110
75 x_1_2 114
75 y_1_2 118
76 cz 0 11
76 cz 44 55
76 cz 88 99
76 cz 23 34
76 cz 67 78
76 cz 2 13
76 cz 46 57
76 cz 90 101
76 cz 25 36
76 cz 69 80
76 cz 4 15
76 cz 48 59
76 cz 92 103
76 cz 27 38
76 cz 71 82
76 cz 6 17
76 cz 50 61
76 cz 94 105
76 cz 29 40
76 cz 73 84
76 cz 8 19
76 cz 52 63
76 cz 96 107
76 cz 31 42
76 cz 75 86
76 cz 10 21
76 cz 54 65
