60
4 is 56 59
4 t 57
5 t 0
5 x_1_2 1
5 is 2 3
5 x_1_2 4
5 x_1_2 6
5 y_1_2 8
5 is 9 10
5 x_1_2 13
5 is 14 15
5 y_1_2 17
5 is 18 19
5 t 20
5 is 21 22
5 x_1_2 23
5 t 24
5 is 25 26
5 y_1_2 27
5 t 28
5 y_1_2 29
5 x_1_2 31
5 t 32
5 is 33 34
5 x_1_2 35
5 t 36
5 is 37 38
5 x_1_2 39
5 is 40 41
5 y_1_2 43
5 is 44 45
5 x_1_2 48
5 is 49 50
5 x_1_2 52
5 t 53
5 t 55
5 is 56 57
5 x_1_2 59
6 t 1
6 y_1_2 2
6 is 3 8
6 t 4
6 is 5 10
6 t 6
6 x_1_2 9
6 is 12 21
6 t 13
6 is 14 23
6 x_1_2 15
6 is 16 25
6 t 17
6 is 18 27
6 y_1_2 19
6 x_1_2 22
6 y_1_2 26
6 t 29
6 t 31
6 is 32 41
6 x_1_2 33
6 is 34 43
6 t 35
6 is 36 45
6 y_1_2 37
6 is 38 47
6 t 39
6 y_1_2 40
6 x_1_2 44
6 t 48
6 is 49 54
6 y_1_2 50
6 is 51 56
6 t 52
6 y_1_2 57
6 t 59
7 t 2
7 is 3 4
7 x_1_2 5
7 is 6 7
7 x_1_2 8
7 t 9
7 is 10 11
7 y_1_2 12
7 y_1_2 14
7 is 15 16
7 x_1_2 18
7 t 19
7 y_1_2 21
7 is 22 23
7 y_1_2 25
7 is 26 27
7 is 30 31
7 x_1_2 32
7 t 33
7 is 34 35
7 y_1_2 36
7 t 37
7 is 38 39
7 t 40
7 is 41 42
7 x_1_2 43
