60
1 t 50
1 is 51 52
1 t 53
1 is 54 55
1 t 56
1 t 57
1 t 58
1 t 59
2 is 2 7
2 is 4 9
2 x_1_2 5
2 y_1_2 8
2 x_1_2 12
2 is 13 22
2 is 15 24
2 y_1_2 16
2 is 17 26
2 is 19 28
2 y_1_2 23
2 x_1_2 27
2 is 31 40
2 x_1_2 32
2 is 33 42
2 is 35 44
2 y_1_2 36
2 is 37 46
2 x_1_2 43
2 x_1_2 47
2 is 50 55
2 y_1_2 51
2 is 52 57
2 x_1_2 54
3 is 0 1
3 y_1_2 2
3 x_1_2 4
3 t 5
3 y_1_2 7
3 is 8 9
3 t 12
3 is 13 14
3 x_1_2 15
3 t 16
3 is 17 18
3 y_1_2 19
3 is 20 21
3 y_1_2 22
3 t 23
3 is 24 25
3 y_1_2 26
3 t 27
3 is 28 29
3 y_1_2 31
3 is 32 33
3 y_1_2 35
3 is 36 37
3 x_1_2 40
3 y_1_2 42
3 is 43 44
3 y_1_2 46
3 t 47
3 is 48 49
3 x_1_2 50
3 t 51
3 is 52 53
3 t 54
3 is 55 56
3 x_1_2 57
4 y_1_2 0
4 is 1 4
4 t 2
4 is 6 13
4 t 7
4 is 8 15
4 x_1_2 9
4 is 10 17
4 y_1_2 14
4 y_1_2 18
4 t 19
4 y_1_2 20
4 is 21 31
4 t 22
4 is 23 33
4 y_1_2 24
4 is 25 35
4 t 26
4 is 27 37
4 x_1_2 28
4 is 29 39
4 y_1_2 32
4 x_1_2 36
4 t 40
4 is 41 48
4 t 42
4 is 43 50
4 y_1_2 44
4 is 45 52
4 t 46
4 y_1_2 49
4 x_1_2 53
4 x_1_2 55
