60
13 t 24
13 is 25 26
13 y_1_2 27
13 t 28
13 y_1_2 29
13 y_1_2 31
13 t 32
13 is 33 34
13 y_1_2 35
13 t 36
13 is 37 38
13 x_1_2 39
13 is 40 41
13 x_1_2 43
13 is 44 45
13 y_1_2 48
13 is 49 50
13 y_1_2 52
13 t 53
13 t 55
13 is 56 57
13 x_1_2 59
14 t 1
14 y_1_2 2
14 is 3 8
14 t 4
14 is 5 10
14 t 6
14 y_1_2 9
14 is 12 21
14 t 13
14 is 14 23
14 y_1_2 15
14 is 16 25
14 t 17
14 is 18 27
14 y_1_2 19
14 y_1_2 22
14 y_1_2 26
14 t 29
14 t 31
14 is 32 41
14 x_1_2 33
14 is 34 43
14 t 35
14 is 36 45
14 y_1_2 37
14 is 38 47
14 t 39
14 x_1_2 40
14 x_1_2 44
14 t 48
14 is 49 54
14 y_1_2 50
14 is 51 56
14 t 52
14 y_1_2 57
14 t 59
15 t 2
15 is 3 4
15 x_1_2 5
15 is 6 7
15 x_1_2 8
15 t 9
15 is 10 11
15 y_1_2 12
15 y_1_2 14
15 is 15 16
15 y_1_2 18
15 t 19
15 y_1_2 21
15 is 22 23
15 y_1_2 25
15 is 26 27
15 is 30 31
15 y_1_2 32
15 t 33
15 is 34 35
15 y_1_2 36
15 t 37
15 is 38 39
15 t 40
15 is 41 42
15 x_1_2 43
15 t 44
15 is 45 46
15 x_1_2 47
15 x_1_2 49
15 is 50 51
15 y_1_2 54
15 y_1_2 56
15 t 57
15 is 58 59
16 is 0 3
16 x_1_2 4
16 t 5
16 x_1_2 6
16 is 7 14
16 t 8
16 is 9 16
