60
24 y_1_2 41
24 is 42 49
24 t 43
24 is 44 51
24 x_1_2 45
24 is 46 53
24 t 47
24 y_1_2 50
24 t 54
24 is 55 58
24 t 56
24 y_1_2 59
25 x_1_2 0
25 y_1_2 3
25 is 4 5
25 t 6
25 is 7 8
25 x_1_2 9
25 t 10
25 x_1_2 11
25 is 12 13
25 x_1_2 14
25 t 15
25 is 16 17
25 x_1_2 18
25 x_1_2 20
25 y_1_2 22
25 is 23 24
25 y_1_2 26
25 is 27 28
25 y_1_2 30
25 is 31 32
25 x_1_2 34
25 is 35 36
25 y_1_2 38
25 t 39
25 t 41
25 is 42 43
25 x_1_2 44
25 t 45
25 is 46 47
25 x_1_2 49
25 t 50
25 is 51 52
25 y_1_2 53
25 is 54 55
25 y_1_2 58
25 t 59
26 t 0
26 is 2 7
26 t 3
26 is 4 9
26 y_1_2 5
26 y_1_2 8
26 t 11
26 x_1_2 12
26 is 13 22
26 t 14
26 is 15 24
26 x_1_2 16
26 is 17 26
26 t 18
26 is 19 28
26 t 20
26 x_1_2 23
26 y_1_2 27
26 t 30
26 is 31 40
26 x_1_2 32
26 is 33 42
26 t 34
26 is 35 44
26 x_1_2 36
26 is 37 46
26 t 38
26 y_1_2 43
26 x_1_2 47
26 t 49
26 is 50 55
26 y_1_2 51
26 is 52 57
26 t 53
26 y_1_2 54
26 t 58
27 is 0 1
27 y_1_2 2
27 x_1_2 4
27 t 5
27 x_1_2 7
27 is 8 9
27 t 12
27 is 13 14
27 y_1_2 15
27 t 16
27 is 17 18
27 y_1_2 19
27 is 20 21
27 x_1_2 22
27 t 23
27 is 24 25
