60
16 x_1_2 10
16 is 11 18
16 t 12
16 x_1_2 15
16 is 20 30
16 t 21
16 is 22 32
16 x_1_2 23
16 is 24 34
16 t 25
16 is 26 36
16 y_1_2 27
16 is 28 38
16 y_1_2 31
16 y_1_2 35
16 y_1_2 39
16 x_1_2 41
16 is 42 49
16 t 43
16 is 44 51
16 x_1_2 45
16 is 46 53
16 t 47
16 y_1_2 50
16 t 54
16 is 55 58
16 t 56
16 x_1_2 59
17 y_1_2 0
17 x_1_2 3
17 is 4 5
17 t 6
17 is 7 8
17 x_1_2 9
17 t 10
17 x_1_2 11
17 is 12 13
17 x_1_2 14
17 t 15
17 is 16 17
17 y_1_2 18
17 x_1_2 20
17 y_1_2 22
17 is 23 24
17 x_1_2 26
17 is 27 28
17 x_1_2 30
17 is 31 32
17 x_1_2 34
17 is 35 36
17 y_1_2 38
17 t 39
17 t 41
17 is 42 43
17 x_1_2 44
17 t 45
17 is 46 47
17 x_1_2 49
17 t 50
17 is 51 52
17 x_1_2 53
17 is 54 55
17 y_1_2 58
17 t 59
18 t 0
18 is 2 7
18 t 3
18 is 4 9
18 y_1_2 5
18 x_1_2 8
18 t 11
18 x_1_2 12
18 is 13 22
18 t 14
18 is 15 24
18 x_1_2 16
18 is 17 26
18 t 18
18 is 19 28
18 t 20
18 x_1_2 23
18 y_1_2 27
18 t 30
18 is 31 40
18 y_1_2 32
18 is 33 42
18 t 34
18 is 35 44
18 y_1_2 36
18 is 37 46
18 t 38
18 x_1_2 43
18 x_1_2 47
18 t 49
18 is 50 55
18 x_1_2 51
18 is 52 57
18 t 53
18 x_1_2 54
18 t 58
