60
10 y_1_2 32
10 is 33 42
10 t 34
10 is 35 44
10 x_1_2 36
10 is 37 46
10 t 38
10 x_1_2 43
10 y_1_2 47
10 t 49
10 is 50 55
10 x_1_2 51
10 is 52 57
10 t 53
10 y_1_2 54
10 t 58
11 is 0 1
11 y_1_2 2
11 y_1_2 4
11 t 5
11 x_1_2 7
11 is 8 9
11 t 12
11 is 13 14
11 x_1_2 15
11 t 16
11 is 17 18
11 x_1_2 19
11 is 20 21
11 x_1_2 22
11 t 23
11 is 24 25
11 y_1_2 26
11 t 27
11 is 28 29
11 y_1_2 31
11 is 32 33
11 x_1_2 35
11 is 36 37
11 x_1_2 40
11 y_1_2 42
11 is 43 44
11 x_1_2 46
11 t 47
11 is 48 49
11 x_1_2 50
11 t 51
11 is 52 53
11 t 54
11 is 55 56
11 y_1_2 57
12 y_1_2 0
12 is 1 4
12 t 2
12 is 6 13
12 t 7
12 is 8 15
12 x_1_2 9
12 is 10 17
12 x_1_2 14
12 y_1_2 18
12 t 19
12 y_1_2 20
12 is 21 31
12 t 22
12 is 23 33
12 x_1_2 24
12 is 25 35
12 t 26
12 is 27 37
12 y_1_2 28
12 is 29 39
12 x_1_2 32
12 y_1_2 36
12 t 40
12 is 41 48
12 t 42
12 is 43 50
12 y_1_2 44
12 is 45 52
12 t 46
12 y_1_2 49
12 x_1_2 53
12 x_1_2 55
12 is 56 59
12 t 57
13 t 0
13 x_1_2 1
13 is 2 3
13 y_1_2 4
13 x_1_2 6
13 y_1_2 8
13 is 9 10
13 x_1_2 13
13 is 14 15
13 y_1_2 17
13 is 18 19
13 t 20
13 is 21 22
13 x_1_2 23
