60
7 t 44
7 is 45 46
7 y_1_2 47
7 x_1_2 49
7 is 50 51
7 x_1_2 54
7 y_1_2 56
7 t 57
7 is 58 59
8 is 0 3
8 x_1_2 4
8 t 5
8 x_1_2 6
8 is 7 14
8 t 8
8 is 9 16
8 x_1_2 10
8 is 11 18
8 t 12
8 x_1_2 15
8 is 20 30
8 t 21
8 is 22 32
8 x_1_2 23
8 is 24 34
8 t 25
8 is 26 36
8 x_1_2 27
8 is 28 38
8 x_1_2 31
8 y_1_2 35
8 x_1_2 39
8 x_1_2 41
8 is 42 49
8 t 43
8 is 44 51
8 x_1_2 45
8 is 46 53
8 t 47
8 x_1_2 50
8 t 54
8 is 55 58
8 t 56
8 y_1_2 59
9 x_1_2 0
9 y_1_2 3
9 is 4 5
9 t 6
9 is 7 8
9 y_1_2 9
9 t 10
9 y_1_2 11
9 is 12 13
9 y_1_2 14
9 t 15
9 is 16 17
9 x_1_2 18
9 x_1_2 20
9 x_1_2 22
9 is 23 24
9 x_1_2 26
9 is 27 28
9 y_1_2 30
9 is 31 32
9 y_1_2 34
9 is 35 36
9 x_1_2 38
9 t 39
9 t 41
9 is 42 43
9 y_1_2 44
9 t 45
9 is 46 47
9 x_1_2 49
9 t 50
9 is 51 52
9 y_1_2 53
9 is 54 55
9 x_1_2 58
9 t 59
10 t 0
10 is 2 7
10 t 3
10 is 4 9
10 y_1_2 5
10 x_1_2 8
10 t 11
10 y_1_2 12
10 is 13 22
10 t 14
10 is 15 24
10 y_1_2 16
10 is 17 26
10 t 18
10 is 19 28
10 t 20
10 y_1_2 23
10 y_1_2 27
10 t 30
10 is 31 40
