60
21 is 49 50
21 x_1_2 52
21 t 53
21 t 55
21 is 56 57
21 x_1_2 59
22 t 1
22 y_1_2 2
22 is 3 8
22 t 4
22 is 5 10
22 t 6
22 x_1_2 9
22 is 12 21
22 t 13
22 is 14 23
22 x_1_2 15
22 is 16 25
22 t 17
22 is 18 27
22 y_1_2 19
22 x_1_2 22
22 x_1_2 26
22 t 29
22 t 31
22 is 32 41
22 x_1_2 33
22 is 34 43
22 t 35
22 is 36 45
22 x_1_2 37
22 is 38 47
22 t 39
22 x_1_2 40
22 y_1_2 44
22 t 48
22 is 49 54
22 x_1_2 50
22 is 51 56
22 t 52
22 x_1_2 57
22 t 59
23 t 2
23 is 3 4
23 x_1_2 5
23 is 6 7
23 x_1_2 8
23 t 9
23 is 10 11
23 x_1_2 12
23 y_1_2 14
23 is 15 16
23 x_1_2 18
23 t 19
23 y_1_2 21
23 is 22 23
23 y_1_2 25
23 is 26 27
23 is 30 31
23 x_1_2 32
23 t 33
23 is 34 35
23 x_1_2 36
23 t 37
23 is 38 39
23 t 40
23 is 41 42
23 y_1_2 43
23 t 44
23 is 45 46
23 x_1_2 47
23 x_1_2 49
23 is 50 51
23 y_1_2 54
23 y_1_2 56
23 t 57
23 is 58 59
24 is 0 3
24 y_1_2 4
24 t 5
24 y_1_2 6
24 is 7 14
24 t 8
24 is 9 16
24 x_1_2 10
24 is 11 18
24 t 12
24 y_1_2 15
24 is 20 30
24 t 21
24 is 22 32
24 y_1_2 23
24 is 24 34
24 t 25
24 is 26 36
24 x_1_2 27
24 is 28 38
24 x_1_2 31
24 y_1_2 35
24 x_1_2 39
