60
27 y_1_2 26
27 t 27
27 is 28 29
27 y_1_2 31
27 is 32 33
27 y_1_2 35
27 is 36 37
27 x_1_2 40
27 y_1_2 42
27 is 43 44
27 x_1_2 46
27 t 47
27 is 48 49
27 x_1_2 50
27 t 51
27 is 52 53
27 t 54
27 is 55 56
27 x_1_2 57
28 x_1_2 0
28 is 1 4
28 t 2
28 is 6 13
28 t 7
28 is 8 15
28 x_1_2 9
28 is 10 17
28 x_1_2 14
28 y_1_2 18
28 t 19
28 x_1_2 20
28 is 21 31
28 t 22
28 is 23 33
28 y_1_2 24
28 is 25 35
28 t 26
28 is 27 37
28 y_1_2 28
28 is 29 39
28 y_1_2 32
28 y_1_2 36
28 t 40
28 is 41 48
28 t 42
28 is 43 50
28 y_1_2 44
28 is 45 52
28 t 46
28 y_1_2 49
28 y_1_2 53
28 y_1_2 55
28 is 56 59
28 t 57
29 t 0
29 y_1_2 1
29 is 2 3
29 y_1_2 4
29 y_1_2 6
29 y_1_2 8
29 is 9 10
29 x_1_2 13
29 is 14 15
29 y_1_2 17
29 is 18 19
29 t 20
29 is 21 22
29 x_1_2 23
29 t 24
29 is 25 26
29 x_1_2 27
29 t 28
29 x_1_2 29
29 y_1_2 31
29 t 32
29 is 33 34
29 x_1_2 35
29 t 36
29 is 37 38
29 x_1_2 39
29 is 40 41
29 y_1_2 43
29 is 44 45
29 y_1_2 48
29 is 49 50
29 x_1_2 52
29 t 53
29 t 55
29 is 56 57
29 x_1_2 59
30 t 1
30 x_1_2 2
30 is 3 8
30 t 4
30 is 5 10
30 t 6
30 x_1_2 9
30 is 12 21
30 t 13
30 is 14 23
