60
35 t 54
35 is 55 56
35 x_1_2 57
36 x_1_2 0
36 is 1 4
36 t 2
36 is 6 13
36 t 7
36 is 8 15
36 y_1_2 9
36 is 10 17
36 y_1_2 14
36 y_1_2 18
36 t 19
36 y_1_2 20
36 is 21 31
36 t 22
36 is 23 33
36 x_1_2 24
36 is 25 35
36 t 26
36 is 27 37
36 x_1_2 28
36 is 29 39
36 x_1_2 32
36 x_1_2 36
36 t 40
36 is 41 48
36 t 42
36 is 43 50
36 y_1_2 44
36 is 45 52
36 t 46
36 y_1_2 49
36 y_1_2 53
36 y_1_2 55
36 is 56 59
36 t 57
37 t 0
37 x_1_2 1
37 is 2 3
37 x_1_2 4
37 x_1_2 6
37 y_1_2 8
37 is 9 10
37 x_1_2 13
37 is 14 15
37 y_1_2 17
37 is 18 19
37 t 20
37 is 21 22
37 x_1_2 23
37 t 24
37 is 25 26
37 y_1_2 27
37 t 28
37 x_1_2 29
37 x_1_2 31
37 t 32
37 is 33 34
37 x_1_2 35
37 t 36
37 is 37 38
37 y_1_2 39
37 is 40 41
37 y_1_2 43
37 is 44 45
37 x_1_2 48
37 is 49 50
37 y_1_2 52
37 t 53
37 t 55
37 is 56 57
37 x_1_2 59
38 t 1
38 x_1_2 2
38 is 3 8
38 t 4
38 is 5 10
38 t 6
38 x_1_2 9
38 is 12 21
38 t 13
38 is 14 23
38 x_1_2 15
38 is 16 25
38 t 17
38 is 18 27
38 y_1_2 19
38 y_1_2 22
38 x_1_2 26
38 t 29
38 t 31
38 is 32 41
38 x_1_2 33
38 is 34 43
38 t 35
38 is 36 45
38 x_1_2 37
38 is 38 47
