25
46 t 9
46 y_1_2 12
46 y_1_2 16
46 t 18
46 x_1_2 23
47 cz 3 4
47 cz 6 7
47 cz 13 14
47 cz 16 17
47 cz 23 24
47 t 2
47 t 5
47 y_1_2 8
47 y_1_2 11
47 t 12
47 x_1_2 15
47 x_1_2 19
47 x_1_2 20
47 y_1_2 22
48 cz 10 15
48 cz 1 6
48 cz 12 17
48 cz 3 8
48 cz 14 19
48 x_1_2 4
48 y_1_2 7
48 t 11
48 x_1_2 13
48 x_1_2 16
48 t 20
48 t 22
48 y_1_2 23
48 y_1_2 24
49 cz 0 1
49 cz 7 8
49 cz 10 11
49 cz 17 18
49 cz 20 21
49 x_1_2 3
49 t 4
49 x_1_2 6
49 x_1_2 12
49 t 13
49 y_1_2 14
49 y_1_2 15
49 t 16
49 x_1_2 19
49 t 23
49 t 24
50 cz 5 10
50 cz 16 21
50 cz 7 12
50 cz 18 23
50 cz 9 14
50 y_1_2 0
50 y_1_2 1
50 t 3
50 t 6
50 x_1_2 8
50 x_1_2 11
50 t 15
50 x_1_2 17
50 t 19
50 y_1_2 20
51 cz 1 2
51 cz 8 9
51 cz 11 12
51 cz 18 19
51 cz 21 22
51 t 0
51 y_1_2 5
51 y_1_2 7
51 y_1_2 10
51 y_1_2 14
51 y_1_2 16
51 t 17
51 t 20
51 y_1_2 23
52 cz 0 5
52 cz 11 16
52 cz 2 7
52 cz 13 18
52 cz 4 9
52 x_1_2 1
52 y_1_2 8
52 t 10
52 x_1_2 12
52 t 14
52 x_1_2 19
52 y_1_2 21
52 x_1_2 22
52 t 23
53 cz 2 3
53 cz 5 6
53 cz 12 13
53 cz 15 16
53 cz 22 23
53 x_1_2 0
53 t 1
53 x_1_2 4
