25
26 x_1_2 0
26 x_1_2 1
26 t 3
26 t 6
26 x_1_2 8
26 y_1_2 11
26 t 15
26 y_1_2 17
26 t 19
26 x_1_2 20
27 cz 1 2
27 cz 8 9
27 cz 11 12
27 cz 18 19
27 cz 21 22
27 t 0
27 y_1_2 5
27 x_1_2 7
27 x_1_2 10
27 y_1_2 14
27 x_1_2 16
27 t 17
27 t 20
27 y_1_2 23
28 cz 0 5
28 cz 11 16
28 cz 2 7
28 cz 13 18
28 cz 4 9
28 y_1_2 1
28 y_1_2 8
28 t 10
28 x_1_2 12
28 t 14
28 y_1_2 19
28 x_1_2 21
28 y_1_2 22
28 t 23
29 cz 2 3
29 cz 5 6
29 cz 12 13
29 cz 15 16
29 cz 22 23
29 y_1_2 0
29 t 1
29 y_1_2 4
29 y_1_2 7
29 t 8
29 x_1_2 9
29 y_1_2 11
29 y_1_2 18
29 t 19
29 t 21
30 cz 15 20
30 cz 6 11
30 cz 17 22
30 cz 8 13
30 cz 19 24
30 t 0
30 x_1_2 2
30 y_1_2 3
30 t 4
30 y_1_2 5
30 t 7
30 t 9
30 x_1_2 12
30 y_1_2 16
30 t 18
30 x_1_2 23
31 cz 3 4
31 cz 6 7
31 cz 13 14
31 cz 16 17
31 cz 23 24
31 t 2
31 t 5
31 x_1_2 8
31 y_1_2 11
31 t 12
31 x_1_2 15
31 y_1_2 19
31 y_1_2 20
31 x_1_2 22
32 cz 10 15
32 cz 1 6
32 cz 12 17
32 cz 3 8
32 cz 14 19
32 y_1_2 4
32 x_1_2 7
32 t 11
32 y_1_2 13
32 x_1_2 16
32 t 20
32 t 22
32 y_1_2 23
32 x_1_2 24
33 cz 0 1
33 cz 7 8
33 cz 10 11
