25
67 cz 1 2
67 cz 8 9
67 cz 11 12
67 cz 18 19
67 cz 21 22
67 t 0
67 x_1_2 5
67 x_1_2 7
67 y_1_2 10
67 x_1_2 14
67 y_1_2 16
67 t 17
67 t 20
67 y_1_2 23
68 cz 0 5
68 cz 11 16
68 cz 2 7
68 cz 13 18
68 cz 4 9
68 x_1_2 1
68 y_1_2 8
68 t 10
68 x_1_2 12
68 t 14
68 x_1_2 19
68 y_1_2 21
68 x_1_2 22
68 t 23
69 cz 2 3
69 cz 5 6
69 cz 12 13
69 cz 15 16
69 cz 22 23
69 y_1_2 0
69 t 1
69 x_1_2 4
69 x_1_2 7
69 t 8
69 y_1_2 9
69 x_1_2 11
69 y_1_2 18
69 t 19
69 t 21
70 cz 15 20
70 cz 6 11
70 cz 17 22
70 cz 8 13
70 cz 19 24
70 t 0
70 x_1_2 2
70 x_1_2 3
70 t 4
70 y_1_2 5
70 t 7
70 t 9
70 y_1_2 12
70 x_1_2 16
70 t 18
70 x_1_2 23
71 cz 3 4
71 cz 6 7
71 cz 13 14
71 cz 16 17
71 cz 23 24
71 t 2
71 t 5
71 y_1_2 8
71 y_1_2 11
71 t 12
71 y_1_2 15
71 x_1_2 19
71 y_1_2 20
71 x_1_2 22
72 cz 10 15
72 cz 1 6
72 cz 12 17
72 cz 3 8
72 cz 14 19
72 x_1_2 4
72 x_1_2 7
72 t 11
72 y_1_2 13
72 x_1_2 16
72 t 20
72 t 22
72 x_1_2 23
72 x_1_2 24
73 cz 0 1
73 cz 7 8
73 cz 10 11
73 cz 17 18
73 cz 20 21
73 y_1_2 3
73 t 4
73 y_1_2 6
73 y_1_2 12
73 t 13
73 x_1_2 14
73 y_1_2 15
73 t 16
