16
64 cz 8 12
64 cz 1 5
64 cz 10 14
64 cz 3 7
64 y_1_2 6
64 t 9
64 t 11
64 y_1_2 13
65 cz 0 1
65 cz 6 7
65 cz 8 9
65 cz 14 15
65 x_1_2 3
65 x_1_2 5
65 x_1_2 10
65 y_1_2 12
65 t 13
66 cz 4 8
66 cz 6 10
66 x_1_2 0
66 x_1_2 1
66 t 3
66 t 5
66 y_1_2 7
66 x_1_2 9
66 t 12
66 x_1_2 14
66 x_1_2 15
67 cz 1 2
67 cz 9 10
67 t 0
67 x_1_2 4
67 x_1_2 6
67 t 7
67 y_1_2 8
67 t 14
67 t 15
68 cz 0 4
68 cz 9 13
68 cz 2 6
68 cz 11 15
68 y_1_2 1
68 t 8
68 x_1_2 10
69 cz 2 3
69 cz 4 5
69 cz 10 11
69 cz 12 13
69 y_1_2 0
69 t 1
69 x_1_2 6
69 x_1_2 9
69 x_1_2 15
70 cz 5 9
70 cz 7 11
70 t 0
70 y_1_2 2
70 y_1_2 3
70 x_1_2 4
70 t 6
70 x_1_2 10
70 x_1_2 12
70 x_1_2 13
70 t 15
71 cz 5 6
71 cz 13 14
71 t 2
71 t 3
71 t 4
71 y_1_2 7
71 y_1_2 9
71 t 10
71 x_1_2 11
71 t 12
72 cz 8 12
72 cz 1 5
72 cz 10 14
72 cz 3 7
72 x_1_2 6
72 t 9
72 t 11
72 x_1_2 13
73 cz 0 1
73 cz 6 7
73 cz 8 9
73 cz 14 15
73 x_1_2 3
73 y_1_2 5
73 y_1_2 10
73 x_1_2 12
73 t 13
74 cz 4 8
74 cz 6 10
74 y_1_2 0
74 y_1_2 1
74 t 3
74 t 5
74 x_1_2 7
74 x_1_2 9
74 t 12
