40
29 is 2 3
29 x_1_2 4
29 y_1_2 6
29 y_1_2 8
29 is 9 10
29 x_1_2 13
29 is 14 15
29 x_1_2 17
29 is 18 19
29 is 20 21
29 y_1_2 22
29 t 23
29 is 24 25
29 y_1_2 26
29 t 28
29 is 29 30
29 x_1_2 31
29 t 32
29 y_1_2 33
29 x_1_2 35
29 is 36 37
29 x_1_2 38
30 t 1
30 y_1_2 2
30 is 3 8
30 t 4
30 is 5 10
30 t 6
30 x_1_2 9
30 is 12 20
30 t 13
30 is 14 22
30 y_1_2 15
30 is 16 24
30 t 17
30 is 18 26
30 y_1_2 19
30 y_1_2 21
30 y_1_2 25
30 y_1_2 29
30 is 30 35
30 t 31
30 is 32 37
30 t 33
30 x_1_2 36
30 t 38
31 t 2
31 is 3 4
31 x_1_2 5
31 is 6 7
31 x_1_2 8
31 t 9
31 is 10 11
31 y_1_2 12
31 y_1_2 14
31 is 15 16
31 y_1_2 18
31 t 19
31 x_1_2 20
31 is 21 22
31 y_1_2 24
31 is 25 26
31 t 29
31 is 30 31
31 x_1_2 32
31 y_1_2 35
31 t 36
31 y_1_2 37
31 is 38 39
32 is 0 3
32 y_1_2 4
32 t 5
32 y_1_2 6
32 is 7 14
32 t 8
32 is 9 16
32 y_1_2 10
32 is 11 18
32 t 12
32 y_1_2 15
32 t 20
32 is 21 28
32 x_1_2 22
32 is 23 30
32 t 24
32 is 25 32
32 y_1_2 26
32 x_1_2 31
32 t 35
32 is 36 39
32 t 37
32 x_1_2 38
33 x_1_2 0
33 y_1_2 3
33 is 4 5
33 t 6
33 is 7 8
33 x_1_2 9
33 t 10
33 y_1_2 11
