40
16 x_1_2 10
16 is 11 18
16 t 12
16 x_1_2 15
16 t 20
16 is 21 28
16 x_1_2 22
16 is 23 30
16 t 24
16 is 25 32
16 x_1_2 26
16 y_1_2 31
16 t 35
16 is 36 39
16 t 37
16 y_1_2 38
17 y_1_2 0
17 x_1_2 3
17 is 4 5
17 t 6
17 is 7 8
17 x_1_2 9
17 t 10
17 x_1_2 11
17 is 12 13
17 x_1_2 14
17 t 15
17 is 16 17
17 y_1_2 18
17 y_1_2 21
17 is 22 23
17 y_1_2 25
17 is 26 27
17 y_1_2 28
17 x_1_2 30
17 is 31 32
17 is 34 35
17 x_1_2 36
17 t 38
17 y_1_2 39
18 t 0
18 is 2 7
18 t 3
18 is 4 9
18 y_1_2 5
18 y_1_2 8
18 t 11
18 x_1_2 12
18 is 13 21
18 t 14
18 is 15 23
18 y_1_2 16
18 is 17 25
18 t 18
18 is 19 27
18 y_1_2 22
18 y_1_2 26
18 t 28
18 is 29 34
18 t 30
18 is 31 36
18 y_1_2 32
18 y_1_2 35
18 t 39
19 is 0 1
19 x_1_2 2
19 x_1_2 4
19 t 5
19 y_1_2 7
19 is 8 9
19 t 12
19 is 13 14
19 y_1_2 15
19 t 16
19 is 17 18
19 x_1_2 19
19 y_1_2 21
19 t 22
19 is 23 24
19 y_1_2 25
19 t 26
19 y_1_2 27
19 is 28 29
19 y_1_2 31
19 is 32 33
19 y_1_2 34
19 is 35 36
20 y_1_2 0
20 is 1 4
20 t 2
20 is 6 13
20 t 7
20 is 8 15
20 x_1_2 9
20 is 10 17
20 y_1_2 14
20 x_1_2 18
20 t 19
20 t 21
20 is 22 29
