40
7 y_1_2 32
7 y_1_2 35
7 t 36
7 x_1_2 37
7 is 38 39
8 is 0 3
8 y_1_2 4
8 t 5
8 y_1_2 6
8 is 7 14
8 t 8
8 is 9 16
8 y_1_2 10
8 is 11 18
8 t 12
8 y_1_2 15
8 t 20
8 is 21 28
8 y_1_2 22
8 is 23 30
8 t 24
8 is 25 32
8 x_1_2 26
8 y_1_2 31
8 t 35
8 is 36 39
8 t 37
8 y_1_2 38
9 x_1_2 0
9 x_1_2 3
9 is 4 5
9 t 6
9 is 7 8
9 y_1_2 9
9 t 10
9 y_1_2 11
9 is 12 13
9 x_1_2 14
9 t 15
9 is 16 17
9 y_1_2 18
9 x_1_2 21
9 is 22 23
9 x_1_2 25
9 is 26 27
9 x_1_2 28
9 y_1_2 30
9 is 31 32
9 is 34 35
9 y_1_2 36
9 t 38
9 x_1_2 39
10 t 0
10 is 2 7
10 t 3
10 is 4 9
10 y_1_2 5
10 x_1_2 8
10 t 11
10 y_1_2 12
10 is 13 21
10 t 14
10 is 15 23
10 x_1_2 16
10 is 17 25
10 t 18
10 is 19 27
10 y_1_2 22
10 y_1_2 26
10 t 28
10 is 29 34
10 t 30
10 is 31 36
10 y_1_2 32
10 y_1_2 35
10 t 39
11 is 0 1
11 x_1_2 2
11 x_1_2 4
11 t 5
11 y_1_2 7
11 is 8 9
11 t 12
11 is 13 14
11 x_1_2 15
11 t 16
11 is 17 18
11 x_1_2 19
11 x_1_2 21
11 t 22
11 is 23 24
11 y_1_2 25
11 t 26
11 x_1_2 27
11 is 28 29
11 x_1_2 31
11 is 32 33
11 y_1_2 34
11 is 35 36
12 x_1_2 0
