40
33 is 12 13
33 y_1_2 14
33 t 15
33 is 16 17
33 x_1_2 18
33 y_1_2 21
33 is 22 23
33 x_1_2 25
33 is 26 27
33 y_1_2 28
33 x_1_2 30
33 is 31 32
33 is 34 35
33 x_1_2 36
33 t 38
33 y_1_2 39
34 t 0
34 is 2 7
34 t 3
34 is 4 9
34 x_1_2 5
34 x_1_2 8
34 t 11
34 x_1_2 12
34 is 13 21
34 t 14
34 is 15 23
34 x_1_2 16
34 is 17 25
34 t 18
34 is 19 27
34 y_1_2 22
34 y_1_2 26
34 t 28
34 is 29 34
34 t 30
34 is 31 36
34 y_1_2 32
34 x_1_2 35
34 t 39
35 is 0 1
35 y_1_2 2
35 y_1_2 4
35 t 5
35 x_1_2 7
35 is 8 9
35 t 12
35 is 13 14
35 y_1_2 15
35 t 16
35 is 17 18
35 x_1_2 19
35 x_1_2 21
35 t 22
35 is 23 24
35 x_1_2 25
35 t 26
35 x_1_2 27
35 is 28 29
35 x_1_2 31
35 is 32 33
35 y_1_2 34
35 is 35 36
36 y_1_2 0
36 is 1 4
36 t 2
36 is 6 13
36 t 7
36 is 8 15
36 y_1_2 9
36 is 10 17
36 x_1_2 14
36 y_1_2 18
36 t 19
36 t 21
36 is 22 29
36 x_1_2 23
36 is 24 31
36 t 25
36 is 26 33
36 t 27
36 x_1_2 28
36 y_1_2 32
36 t 34
36 is 35 38
36 y_1_2 36
37 t 0
37 y_1_2 1
37 is 2 3
37 y_1_2 4
37 x_1_2 6
37 x_1_2 8
37 is 9 10
37 x_1_2 13
37 is 14 15
37 y_1_2 17
37 is 18 19
37 is 20 21
37 x_1_2 22
37 t 23
