30
22 y_1_2 9
22 t 12
22 cz 13 19
22 y_1_2 14
22 cz 15 21
22 t 16
22 cz 17 23
22 y_1_2 22
22 x_1_2 24
22 cz 25 28
22 t 26
23 t 2
23 cz 3 4
23 y_1_2 5
23 cz 6 7
23 y_1_2 8
23 t 9
23 cz 10 11
23 y_1_2 13
23 cz 14 15
23 y_1_2 17
23 cz 18 19
23 x_1_2 21
23 cz 22 23
23 t 24
23 cz 25 26
23 x_1_2 28
24 cz 0 3
24 x_1_2 4
24 t 5
24 y_1_2 6
24 cz 7 13
24 t 8
24 cz 9 15
24 y_1_2 10
24 cz 11 17
24 y_1_2 14
24 x_1_2 18
24 y_1_2 19
24 cz 20 25
24 t 21
24 cz 22 27
24 y_1_2 23
24 y_1_2 26
24 t 28
25 y_1_2 0
25 y_1_2 3
25 cz 4 5
25 t 6
25 cz 7 8
25 y_1_2 9
25 t 10
25 y_1_2 11
25 x_1_2 13
25 t 14
25 cz 15 16
25 y_1_2 17
25 t 18
25 cz 19 20
25 y_1_2 22
25 t 23
25 x_1_2 25
25 cz 26 27
26 t 0
26 cz 2 7
26 t 3
26 cz 4 9
26 y_1_2 5
26 y_1_2 8
26 t 11
26 cz 12 18
26 t 13
26 cz 14 20
26 y_1_2 15
26 cz 16 22
26 t 17
26 x_1_2 19
26 t 25
26 cz 26 29
26 y_1_2 27
27 cz 0 1
27 x_1_2 2
27 y_1_2 4
27 t 5
27 y_1_2 7
27 cz 8 9
27 cz 12 13
27 x_1_2 14
27 t 15
27 cz 16 17
27 x_1_2 18
27 t 19
27 cz 20 21
27 y_1_2 22
27 y_1_2 26
27 t 27
27 cz 28 29
28 y_1_2 0
28 cz 1 4
28 t 2
