42
35 cz 10 11
35 cz 15 16
35 cz 19 20
35 cz 24 25
35 cz 29 30
35 cz 33 34
35 cz 38 39
35 t 0
35 t 4
35 x_1_2 7
35 y_1_2 9
35 y_1_2 13
35 y_1_2 14
35 x_1_2 18
35 x_1_2 22
35 t 23
35 y_1_2 26
35 t 28
35 x_1_2 31
35 t 32
35 t 37
36 cz 0 7
36 cz 28 35
36 cz 15 22
36 cz 2 9
36 cz 30 37
36 cz 17 24
36 cz 4 11
36 cz 32 39
36 cz 19 26
36 cz 6 13
36 cz 34 41
36 x_1_2 1
36 y_1_2 5
36 y_1_2 10
36 t 14
36 y_1_2 16
36 t 18
36 x_1_2 20
36 y_1_2 25
36 x_1_2 29
36 t 31
36 y_1_2 33
36 x_1_2 38
37 cz 2 3
37 cz 7 8
37 cz 11 12
37 cz 16 17
37 cz 21 22
37 cz 25 26
37 cz 30 31
37 cz 35 36
37 cz 39 40
37 x_1_2 0
37 t 1
37 y_1_2 4
37 t 5
37 y_1_2 6
37 x_1_2 9
37 t 10
37 x_1_2 13
37 y_1_2 15
37 x_1_2 19
37 t 20
37 x_1_2 24
37 x_1_2 28
37 t 29
37 x_1_2 32
37 t 33
37 x_1_2 34
37 x_1_2 37
37 t 38
37 x_1_2 41
38 cz 21 28
38 cz 8 15
38 cz 23 30
38 cz 10 17
38 cz 25 32
38 cz 12 19
38 cz 27 34
38 t 0
38 y_1_2 2
38 x_1_2 3
38 t 4
38 t 6
38 y_1_2 7
38 t 9
38 x_1_2 11
38 t 13
38 x_1_2 16
38 x_1_2 22
38 t 24
38 x_1_2 26
38 x_1_2 31
38 y_1_2 35
38 y_1_2 36
38 t 37
38 x_1_2 39
38 x_1_2 40
38 t 41
