42
23 cz 12 13
23 cz 17 18
23 cz 22 23
23 cz 26 27
23 cz 31 32
23 cz 36 37
23 cz 40 41
23 t 2
23 t 7
23 x_1_2 10
23 t 11
23 y_1_2 15
23 t 16
23 x_1_2 19
23 y_1_2 21
23 x_1_2 25
23 y_1_2 28
23 x_1_2 30
23 x_1_2 34
23 t 35
23 t 39
24 cz 14 21
24 cz 1 8
24 cz 29 36
24 cz 16 23
24 cz 3 10
24 cz 31 38
24 cz 18 25
24 cz 5 12
24 cz 33 40
24 cz 20 27
24 y_1_2 4
24 x_1_2 9
24 x_1_2 13
24 t 15
24 x_1_2 17
24 t 19
24 x_1_2 22
24 y_1_2 26
24 t 28
24 t 30
24 y_1_2 32
24 t 34
24 y_1_2 37
24 y_1_2 41
25 cz 0 1
25 cz 4 5
25 cz 9 10
25 cz 14 15
25 cz 18 19
25 cz 23 24
25 cz 28 29
25 cz 32 33
25 cz 37 38
25 x_1_2 3
25 y_1_2 8
25 y_1_2 12
25 t 13
25 y_1_2 16
25 t 17
25 x_1_2 20
25 x_1_2 21
25 t 22
25 x_1_2 25
25 t 26
25 y_1_2 27
25 x_1_2 31
25 y_1_2 36
25 x_1_2 40
25 t 41
26 cz 7 14
26 cz 22 29
26 cz 9 16
26 cz 24 31
26 cz 11 18
26 cz 26 33
26 cz 13 20
26 y_1_2 0
26 y_1_2 1
26 t 3
26 y_1_2 4
26 y_1_2 5
26 t 8
26 x_1_2 10
26 t 12
26 x_1_2 15
26 x_1_2 19
26 t 21
26 x_1_2 23
26 t 25
26 t 27
26 x_1_2 28
26 y_1_2 32
26 t 36
26 y_1_2 37
26 y_1_2 38
26 t 40
27 h 0
27 h 1
27 h 2
