42
62 x_1_2 39
62 y_1_2 40
62 t 41
63 cz 3 4
63 cz 8 9
63 cz 12 13
63 cz 17 18
63 cz 22 23
63 cz 26 27
63 cz 31 32
63 cz 36 37
63 cz 40 41
63 t 2
63 t 7
63 y_1_2 10
63 t 11
63 x_1_2 15
63 t 16
63 y_1_2 19
63 y_1_2 21
63 y_1_2 25
63 x_1_2 28
63 x_1_2 30
63 x_1_2 34
63 t 35
63 t 39
64 cz 14 21
64 cz 1 8
64 cz 29 36
64 cz 16 23
64 cz 3 10
64 cz 31 38
64 cz 18 25
64 cz 5 12
64 cz 33 40
64 cz 20 27
64 x_1_2 4
64 x_1_2 9
64 x_1_2 13
64 t 15
64 x_1_2 17
64 t 19
64 x_1_2 22
64 x_1_2 26
64 t 28
64 t 30
64 y_1_2 32
64 t 34
64 x_1_2 37
64 x_1_2 41
65 cz 0 1
65 cz 4 5
65 cz 9 10
65 cz 14 15
65 cz 18 19
65 cz 23 24
65 cz 28 29
65 cz 32 33
65 cz 37 38
65 y_1_2 3
65 y_1_2 8
65 x_1_2 12
65 t 13
65 y_1_2 16
65 t 17
65 y_1_2 20
65 y_1_2 21
65 t 22
65 y_1_2 25
65 t 26
65 x_1_2 27
65 x_1_2 31
65 y_1_2 36
65 x_1_2 40
65 t 41
66 cz 7 14
66 cz 22 29
66 cz 9 16
66 cz 24 31
66 cz 11 18
66 cz 26 33
66 cz 13 20
66 x_1_2 0
66 y_1_2 1
66 t 3
66 x_1_2 4
66 x_1_2 5
66 t 8
66 x_1_2 10
66 t 12
66 x_1_2 15
66 y_1_2 19
66 t 21
66 x_1_2 23
66 t 25
66 t 27
66 x_1_2 28
66 x_1_2 32
66 t 36
66 y_1_2 37
