42
3 cz 29 30
3 cz 33 34
3 cz 38 39
3 t 0
3 t 4
3 y_1_2 7
3 x_1_2 9
3 x_1_2 13
3 y_1_2 14
3 x_1_2 18
3 y_1_2 22
3 t 23
3 y_1_2 26
3 t 28
3 x_1_2 31
3 t 32
3 t 37
4 cz 0 7
4 cz 28 35
4 cz 15 22
4 cz 2 9
4 cz 30 37
4 cz 17 24
4 cz 4 11
4 cz 32 39
4 cz 19 26
4 cz 6 13
4 cz 34 41
4 x_1_2 1
4 y_1_2 5
4 y_1_2 10
4 t 14
4 x_1_2 16
4 t 18
4 x_1_2 20
4 x_1_2 25
4 x_1_2 29
4 t 31
4 x_1_2 33
4 x_1_2 38
5 cz 2 3
5 cz 7 8
5 cz 11 12
5 cz 16 17
5 cz 21 22
5 cz 25 26
5 cz 30 31
5 cz 35 36
5 cz 39 40
5 x_1_2 0
5 t 1
5 x_1_2 4
5 t 5
5 x_1_2 6
5 x_1_2 9
5 t 10
5 x_1_2 13
5 x_1_2 15
5 x_1_2 19
5 t 20
5 y_1_2 24
5 y_1_2 28
5 t 29
5 y_1_2 32
5 t 33
5 x_1_2 34
5 y_1_2 37
5 t 38
5 y_1_2 41
6 cz 21 28
6 cz 8 15
6 cz 23 30
6 cz 10 17
6 cz 25 32
6 cz 12 19
6 cz 27 34
6 t 0
6 x_1_2 2
6 x_1_2 3
6 t 4
6 t 6
6 y_1_2 7
6 t 9
6 y_1_2 11
6 t 13
6 y_1_2 16
6 x_1_2 22
6 t 24
6 y_1_2 26
6 y_1_2 31
6 x_1_2 35
6 y_1_2 36
6 t 37
6 y_1_2 39
6 y_1_2 40
6 t 41
7 cz 3 4
7 cz 8 9
7 cz 12 13
7 cz 17 18
