42
43 cz 5 6
43 cz 10 11
43 cz 15 16
43 cz 19 20
43 cz 24 25
43 cz 29 30
43 cz 33 34
43 cz 38 39
43 t 0
43 t 4
43 y_1_2 7
43 x_1_2 9
43 y_1_2 13
43 y_1_2 14
43 x_1_2 18
43 y_1_2 22
43 t 23
43 x_1_2 26
43 t 28
43 x_1_2 31
43 t 32
43 t 37
44 cz 0 7
44 cz 28 35
44 cz 15 22
44 cz 2 9
44 cz 30 37
44 cz 17 24
44 cz 4 11
44 cz 32 39
44 cz 19 26
44 cz 6 13
44 cz 34 41
44 x_1_2 1
44 x_1_2 5
44 y_1_2 10
44 t 14
44 x_1_2 16
44 t 18
44 x_1_2 20
44 y_1_2 25
44 x_1_2 29
44 t 31
44 y_1_2 33
44 y_1_2 38
45 cz 2 3
45 cz 7 8
45 cz 11 12
45 cz 16 17
45 cz 21 22
45 cz 25 26
45 cz 30 31
45 cz 35 36
45 cz 39 40
45 x_1_2 0
45 t 1
45 x_1_2 4
45 t 5
45 y_1_2 6
45 y_1_2 9
45 t 10
45 x_1_2 13
45 y_1_2 15
45 y_1_2 19
45 t 20
45 y_1_2 24
45 y_1_2 28
45 t 29
45 x_1_2 32
45 t 33
45 y_1_2 34
45 x_1_2 37
45 t 38
45 y_1_2 41
46 cz 21 28
46 cz 8 15
46 cz 23 30
46 cz 10 17
46 cz 25 32
46 cz 12 19
46 cz 27 34
46 t 0
46 x_1_2 2
46 x_1_2 3
46 t 4
46 t 6
46 y_1_2 7
46 t 9
46 y_1_2 11
46 t 13
46 y_1_2 16
46 y_1_2 22
46 t 24
46 y_1_2 26
46 y_1_2 31
46 y_1_2 35
46 y_1_2 36
46 t 37
46 x_1_2 39
46 x_1_2 40
