42
46 t 41
47 cz 3 4
47 cz 8 9
47 cz 12 13
47 cz 17 18
47 cz 22 23
47 cz 26 27
47 cz 31 32
47 cz 36 37
47 cz 40 41
47 t 2
47 t 7
47 y_1_2 10
47 t 11
47 x_1_2 15
47 t 16
47 x_1_2 19
47 y_1_2 21
47 y_1_2 25
47 y_1_2 28
47 x_1_2 30
47 y_1_2 34
47 t 35
47 t 39
48 cz 14 21
48 cz 1 8
48 cz 29 36
48 cz 16 23
48 cz 3 10
48 cz 31 38
48 cz 18 25
48 cz 5 12
48 cz 33 40
48 cz 20 27
48 y_1_2 4
48 y_1_2 9
48 x_1_2 13
48 t 15
48 x_1_2 17
48 t 19
48 x_1_2 22
48 y_1_2 26
48 t 28
48 t 30
48 y_1_2 32
48 t 34
48 x_1_2 37
48 y_1_2 41
49 cz 0 1
49 cz 4 5
49 cz 9 10
49 cz 14 15
49 cz 18 19
49 cz 23 24
49 cz 28 29
49 cz 32 33
49 cz 37 38
49 x_1_2 3
49 y_1_2 8
49 y_1_2 12
49 t 13
49 x_1_2 16
49 t 17
49 y_1_2 20
49 x_1_2 21
49 t 22
49 y_1_2 25
49 t 26
49 x_1_2 27
49 x_1_2 31
49 x_1_2 36
49 y_1_2 40
49 t 41
50 cz 7 14
50 cz 22 29
50 cz 9 16
50 cz 24 31
50 cz 11 18
50 cz 26 33
50 cz 13 20
50 x_1_2 0
50 y_1_2 1
50 t 3
50 x_1_2 4
50 y_1_2 5
50 t 8
50 x_1_2 10
50 t 12
50 x_1_2 15
50 x_1_2 19
50 t 21
50 y_1_2 23
50 t 25
50 t 27
50 y_1_2 28
50 y_1_2 32
50 t 36
50 x_1_2 37
50 x_1_2 38
50 t 40
