42
15 cz 17 18
15 cz 22 23
15 cz 26 27
15 cz 31 32
15 cz 36 37
15 cz 40 41
15 t 2
15 t 7
15 x_1_2 10
15 t 11
15 y_1_2 15
15 t 16
15 y_1_2 19
15 x_1_2 21
15 y_1_2 25
15 y_1_2 28
15 x_1_2 30
15 x_1_2 34
15 t 35
15 t 39
16 cz 14 21
16 cz 1 8
16 cz 29 36
16 cz 16 23
16 cz 3 10
16 cz 31 38
16 cz 18 25
16 cz 5 12
16 cz 33 40
16 cz 20 27
16 x_1_2 4
16 x_1_2 9
16 x_1_2 13
16 t 15
16 y_1_2 17
16 t 19
16 y_1_2 22
16 x_1_2 26
16 t 28
16 t 30
16 y_1_2 32
16 t 34
16 x_1_2 37
16 x_1_2 41
17 cz 0 1
17 cz 4 5
17 cz 9 10
17 cz 14 15
17 cz 18 19
17 cz 23 24
17 cz 28 29
17 cz 32 33
17 cz 37 38
17 y_1_2 3
17 x_1_2 8
17 y_1_2 12
17 t 13
17 y_1_2 16
17 t 17
17 y_1_2 20
17 x_1_2 21
17 t 22
17 y_1_2 25
17 t 26
17 x_1_2 27
17 y_1_2 31
17 y_1_2 36
17 y_1_2 40
17 t 41
18 cz 7 14
18 cz 22 29
18 cz 9 16
18 cz 24 31
18 cz 11 18
18 cz 26 33
18 cz 13 20
18 y_1_2 0
18 x_1_2 1
18 t 3
18 y_1_2 4
18 y_1_2 5
18 t 8
18 x_1_2 10
18 t 12
18 y_1_2 15
18 y_1_2 19
18 t 21
18 x_1_2 23
18 t 25
18 t 27
18 y_1_2 28
18 x_1_2 32
18 t 36
18 x_1_2 37
18 y_1_2 38
18 t 40
19 cz 1 2
19 cz 5 6
19 cz 10 11
19 cz 15 16
