42
19 cz 19 20
19 cz 24 25
19 cz 29 30
19 cz 33 34
19 cz 38 39
19 t 0
19 t 4
19 y_1_2 7
19 x_1_2 9
19 x_1_2 13
19 y_1_2 14
19 y_1_2 18
19 y_1_2 22
19 t 23
19 y_1_2 26
19 t 28
19 y_1_2 31
19 t 32
19 t 37
20 cz 0 7
20 cz 28 35
20 cz 15 22
20 cz 2 9
20 cz 30 37
20 cz 17 24
20 cz 4 11
20 cz 32 39
20 cz 19 26
20 cz 6 13
20 cz 34 41
20 y_1_2 1
20 y_1_2 5
20 x_1_2 10
20 t 14
20 x_1_2 16
20 t 18
20 x_1_2 20
20 y_1_2 25
20 y_1_2 29
20 t 31
20 x_1_2 33
20 x_1_2 38
21 cz 2 3
21 cz 7 8
21 cz 11 12
21 cz 16 17
21 cz 21 22
21 cz 25 26
21 cz 30 31
21 cz 35 36
21 cz 39 40
21 y_1_2 0
21 t 1
21 x_1_2 4
21 t 5
21 x_1_2 6
21 x_1_2 9
21 t 10
21 y_1_2 13
21 x_1_2 15
21 x_1_2 19
21 t 20
21 y_1_2 24
21 y_1_2 28
21 t 29
21 x_1_2 32
21 t 33
21 y_1_2 34
21 x_1_2 37
21 t 38
21 x_1_2 41
22 cz 21 28
22 cz 8 15
22 cz 23 30
22 cz 10 17
22 cz 25 32
22 cz 12 19
22 cz 27 34
22 t 0
22 y_1_2 2
22 y_1_2 3
22 t 4
22 t 6
22 y_1_2 7
22 t 9
22 x_1_2 11
22 t 13
22 y_1_2 16
22 y_1_2 22
22 t 24
22 y_1_2 26
22 x_1_2 31
22 y_1_2 35
22 y_1_2 36
22 t 37
22 x_1_2 39
22 y_1_2 40
22 t 41
23 cz 3 4
23 cz 8 9
