42
7 cz 22 23
7 cz 26 27
7 cz 31 32
7 cz 36 37
7 cz 40 41
7 t 2
7 t 7
7 y_1_2 10
7 t 11
7 x_1_2 15
7 t 16
7 y_1_2 19
7 y_1_2 21
7 y_1_2 25
7 y_1_2 28
7 y_1_2 30
7 x_1_2 34
7 t 35
7 t 39
8 cz 14 21
8 cz 1 8
8 cz 29 36
8 cz 16 23
8 cz 3 10
8 cz 31 38
8 cz 18 25
8 cz 5 12
8 cz 33 40
8 cz 20 27
8 y_1_2 4
8 y_1_2 9
8 x_1_2 13
8 t 15
8 x_1_2 17
8 t 19
8 y_1_2 22
8 y_1_2 26
8 t 28
8 t 30
8 x_1_2 32
8 t 34
8 y_1_2 37
8 x_1_2 41
9 cz 0 1
9 cz 4 5
9 cz 9 10
9 cz 14 15
9 cz 18 19
9 cz 23 24
9 cz 28 29
9 cz 32 33
9 cz 37 38
9 x_1_2 3
9 x_1_2 8
9 y_1_2 12
9 t 13
9 y_1_2 16
9 t 17
9 x_1_2 20
9 y_1_2 21
9 t 22
9 x_1_2 25
9 t 26
9 y_1_2 27
9 x_1_2 31
9 y_1_2 36
9 y_1_2 40
9 t 41
10 cz 7 14
10 cz 22 29
10 cz 9 16
10 cz 24 31
10 cz 11 18
10 cz 26 33
10 cz 13 20
10 y_1_2 0
10 y_1_2 1
10 t 3
10 x_1_2 4
10 x_1_2 5
10 t 8
10 y_1_2 10
10 t 12
10 x_1_2 15
10 x_1_2 19
10 t 21
10 x_1_2 23
10 t 25
10 t 27
10 y_1_2 28
10 x_1_2 32
10 t 36
10 x_1_2 37
10 y_1_2 38
10 t 40
11 cz 1 2
11 cz 5 6
11 cz 10 11
11 cz 15 16
11 cz 19 20
