42
54 x_1_2 40
54 t 41
55 cz 3 4
55 cz 8 9
55 cz 12 13
55 cz 17 18
55 cz 22 23
55 cz 26 27
55 cz 31 32
55 cz 36 37
55 cz 40 41
55 t 2
55 t 7
55 x_1_2 10
55 t 11
55 y_1_2 15
55 t 16
55 y_1_2 19
55 x_1_2 21
55 x_1_2 25
55 x_1_2 28
55 x_1_2 30
55 x_1_2 34
55 t 35
55 t 39
56 cz 14 21
56 cz 1 8
56 cz 29 36
56 cz 16 23
56 cz 3 10
56 cz 31 38
56 cz 18 25
56 cz 5 12
56 cz 33 40
56 cz 20 27
56 x_1_2 4
56 y_1_2 9
56 x_1_2 13
56 t 15
56 x_1_2 17
56 t 19
56 y_1_2 22
56 x_1_2 26
56 t 28
56 t 30
56 x_1_2 32
56 t 34
56 x_1_2 37
56 x_1_2 41
57 cz 0 1
57 cz 4 5
57 cz 9 10
57 cz 14 15
57 cz 18 19
57 cz 23 24
57 cz 28 29
57 cz 32 33
57 cz 37 38
57 x_1_2 3
57 x_1_2 8
57 x_1_2 12
57 t 13
57 y_1_2 16
57 t 17
57 y_1_2 20
57 y_1_2 21
57 t 22
57 y_1_2 25
57 t 26
57 y_1_2 27
57 y_1_2 31
57 x_1_2 36
57 y_1_2 40
57 t 41
58 cz 7 14
58 cz 22 29
58 cz 9 16
58 cz 24 31
58 cz 11 18
58 cz 26 33
58 cz 13 20
58 y_1_2 0
58 y_1_2 1
58 t 3
58 y_1_2 4
58 y_1_2 5
58 t 8
58 x_1_2 10
58 t 12
58 y_1_2 15
58 x_1_2 19
58 t 21
58 x_1_2 23
58 t 25
58 t 27
58 x_1_2 28
58 x_1_2 32
58 t 36
58 x_1_2 37
58 y_1_2 38
