42
70 t 37
70 y_1_2 39
70 x_1_2 40
70 t 41
71 cz 3 4
71 cz 8 9
71 cz 12 13
71 cz 17 18
71 cz 22 23
71 cz 26 27
71 cz 31 32
71 cz 36 37
71 cz 40 41
71 t 2
71 t 7
71 y_1_2 10
71 t 11
71 y_1_2 15
71 t 16
71 y_1_2 19
71 y_1_2 21
71 x_1_2 25
71 x_1_2 28
71 x_1_2 30
71 x_1_2 34
71 t 35
71 t 39
72 cz 14 21
72 cz 1 8
72 cz 29 36
72 cz 16 23
72 cz 3 10
72 cz 31 38
72 cz 18 25
72 cz 5 12
72 cz 33 40
72 cz 20 27
72 x_1_2 4
72 x_1_2 9
72 x_1_2 13
72 t 15
72 x_1_2 17
72 t 19
72 x_1_2 22
72 x_1_2 26
72 t 28
72 t 30
72 y_1_2 32
72 t 34
72 x_1_2 37
72 y_1_2 41
73 cz 0 1
73 cz 4 5
73 cz 9 10
73 cz 14 15
73 cz 18 19
73 cz 23 24
73 cz 28 29
73 cz 32 33
73 cz 37 38
73 y_1_2 3
73 x_1_2 8
73 y_1_2 12
73 t 13
73 x_1_2 16
73 t 17
73 x_1_2 20
73 y_1_2 21
73 t 22
73 x_1_2 25
73 t 26
73 x_1_2 27
73 y_1_2 31
73 x_1_2 36
73 y_1_2 40
73 t 41
74 cz 7 14
74 cz 22 29
74 cz 9 16
74 cz 24 31
74 cz 11 18
74 cz 26 33
74 cz 13 20
74 y_1_2 0
74 x_1_2 1
74 t 3
74 x_1_2 4
74 y_1_2 5
74 t 8
74 x_1_2 10
74 t 12
74 x_1_2 15
74 x_1_2 19
74 t 21
74 y_1_2 23
74 t 25
74 t 27
74 x_1_2 28
74 x_1_2 32
74 t 36
