42
27 cz 15 16
27 cz 19 20
27 cz 24 25
27 cz 29 30
27 cz 33 34
27 cz 38 39
27 t 0
27 t 4
27 x_1_2 7
27 x_1_2 9
27 y_1_2 13
27 x_1_2 14
27 x_1_2 18
27 y_1_2 22
27 t 23
27 x_1_2 26
27 t 28
27 x_1_2 31
27 t 32
27 t 37
28 cz 0 7
28 cz 28 35
28 cz 15 22
28 cz 2 9
28 cz 30 37
28 cz 17 24
28 cz 4 11
28 cz 32 39
28 cz 19 26
28 cz 6 13
28 cz 34 41
28 x_1_2 1
28 x_1_2 5
28 y_1_2 10
28 t 14
28 y_1_2 16
28 t 18
28 x_1_2 20
28 x_1_2 25
28 x_1_2 29
28 t 31
28 x_1_2 33
28 x_1_2 38
29 cz 2 3
29 cz 7 8
29 cz 11 12
29 cz 16 17
29 cz 21 22
29 cz 25 26
29 cz 30 31
29 cz 35 36
29 cz 39 40
29 y_1_2 0
29 t 1
29 x_1_2 4
29 t 5
29 y_1_2 6
29 y_1_2 9
29 t 10
29 x_1_2 13
29 y_1_2 15
29 x_1_2 19
29 t 20
29 x_1_2 24
29 y_1_2 28
29 t 29
29 y_1_2 32
29 t 33
29 y_1_2 34
29 y_1_2 37
29 t 38
29 x_1_2 41
30 cz 21 28
30 cz 8 15
30 cz 23 30
30 cz 10 17
30 cz 25 32
30 cz 12 19
30 cz 27 34
30 t 0
30 y_1_2 2
30 x_1_2 3
30 t 4
30 t 6
30 x_1_2 7
30 t 9
30 y_1_2 11
30 t 13
30 x_1_2 16
30 y_1_2 22
30 t 24
30 x_1_2 26
30 y_1_2 31
30 y_1_2 35
30 x_1_2 36
30 t 37
30 y_1_2 39
30 x_1_2 40
30 t 41
31 h 0
