42
31 cz 8 9
31 cz 12 13
31 cz 17 18
31 cz 22 23
31 cz 26 27
31 cz 31 32
31 cz 36 37
31 cz 40 41
31 t 2
31 t 7
31 y_1_2 10
31 t 11
31 y_1_2 15
31 t 16
31 y_1_2 19
31 x_1_2 21
31 y_1_2 25
31 y_1_2 28
31 x_1_2 30
31 x_1_2 34
31 t 35
31 t 39
32 cz 14 21
32 cz 1 8
32 cz 29 36
32 cz 16 23
32 cz 3 10
32 cz 31 38
32 cz 18 25
32 cz 5 12
32 cz 33 40
32 cz 20 27
32 y_1_2 4
32 x_1_2 9
32 x_1_2 13
32 t 15
32 x_1_2 17
32 t 19
32 y_1_2 22
32 x_1_2 26
32 t 28
32 t 30
32 x_1_2 32
32 t 34
32 y_1_2 37
32 y_1_2 41
33 cz 0 1
33 cz 4 5
33 cz 9 10
33 cz 14 15
33 cz 18 19
33 cz 23 24
33 cz 28 29
33 cz 32 33
33 cz 37 38
33 x_1_2 3
33 x_1_2 8
33 y_1_2 12
33 t 13
33 x_1_2 16
33 t 17
33 y_1_2 20
33 x_1_2 21
33 t 22
33 x_1_2 25
33 t 26
33 x_1_2 27
33 y_1_2 31
33 y_1_2 36
33 y_1_2 40
33 t 41
34 cz 7 14
34 cz 22 29
34 cz 9 16
34 cz 24 31
34 cz 11 18
34 cz 26 33
34 cz 13 20
34 x_1_2 0
34 y_1_2 1
34 t 3
34 x_1_2 4
34 x_1_2 5
34 t 8
34 x_1_2 10
34 t 12
34 x_1_2 15
34 y_1_2 19
34 t 21
34 x_1_2 23
34 t 25
34 t 27
34 x_1_2 28
34 x_1_2 32
34 t 36
34 x_1_2 37
34 y_1_2 38
34 t 40
35 h 0
35 h 1
