42
39 cz 3 4
39 cz 8 9
39 cz 12 13
39 cz 17 18
39 cz 22 23
39 cz 26 27
39 cz 31 32
39 cz 36 37
39 cz 40 41
39 t 2
39 t 7
39 y_1_2 10
39 t 11
39 x_1_2 15
39 t 16
39 x_1_2 19
39 x_1_2 21
39 x_1_2 25
39 y_1_2 28
39 x_1_2 30
39 y_1_2 34
39 t 35
39 t 39
40 cz 14 21
40 cz 1 8
40 cz 29 36
40 cz 16 23
40 cz 3 10
40 cz 31 38
40 cz 18 25
40 cz 5 12
40 cz 33 40
40 cz 20 27
40 x_1_2 4
40 x_1_2 9
40 y_1_2 13
40 t 15
40 y_1_2 17
40 t 19
40 x_1_2 22
40 y_1_2 26
40 t 28
40 t 30
40 x_1_2 32
40 t 34
40 y_1_2 37
40 x_1_2 41
41 cz 0 1
41 cz 4 5
41 cz 9 10
41 cz 14 15
41 cz 18 19
41 cz 23 24
41 cz 28 29
41 cz 32 33
41 cz 37 38
41 y_1_2 3
41 y_1_2 8
41 y_1_2 12
41 t 13
41 y_1_2 16
41 t 17
41 y_1_2 20
41 x_1_2 21
41 t 22
41 y_1_2 25
41 t 26
41 y_1_2 27
41 y_1_2 31
41 x_1_2 36
41 y_1_2 40
41 t 41
42 cz 7 14
42 cz 22 29
42 cz 9 16
42 cz 24 31
42 cz 11 18
42 cz 26 33
42 cz 13 20
42 y_1_2 0
42 x_1_2 1
42 t 3
42 y_1_2 4
42 y_1_2 5
42 t 8
42 y_1_2 10
42 t 12
42 x_1_2 15
42 y_1_2 19
42 t 21
42 x_1_2 23
42 t 25
42 t 27
42 y_1_2 28
42 y_1_2 32
42 t 36
42 x_1_2 37
42 y_1_2 38
42 t 40
43 cz 1 2
