48
13 x_1_2 6
13 x_1_2 8
13 is 9 10
13 x_1_2 13
13 is 14 15
13 x_1_2 17
13 is 18 19
13 is 20 21
13 x_1_2 22
13 t 23
13 is 24 25
13 x_1_2 26
13 x_1_2 28
13 t 29
13 is 30 31
13 y_1_2 32
13 t 33
13 is 34 35
13 y_1_2 38
13 is 39 40
13 is 42 43
13 x_1_2 45
13 t 46
13 t 47
14 t 1
14 x_1_2 2
14 is 3 8
14 t 4
14 is 5 10
14 t 6
14 x_1_2 9
14 is 12 20
14 t 13
14 is 14 22
14 x_1_2 15
14 is 16 24
14 t 17
14 is 18 26
14 x_1_2 19
14 y_1_2 21
14 y_1_2 25
14 t 28
14 is 29 36
14 x_1_2 30
14 is 31 38
14 t 32
14 is 33 40
14 x_1_2 34
14 x_1_2 35
14 x_1_2 39
14 x_1_2 42
14 x_1_2 43
14 is 44 47
14 t 45
15 t 2
15 is 3 4
15 y_1_2 5
15 is 6 7
15 x_1_2 8
15 t 9
15 is 10 11
15 x_1_2 12
15 y_1_2 14
15 is 15 16
15 y_1_2 18
15 t 19
15 x_1_2 20
15 is 21 22
15 y_1_2 24
15 is 25 26
15 x_1_2 29
15 t 30
15 is 31 32
15 y_1_2 33
15 t 34
15 t 35
15 is 36 37
15 y_1_2 38
15 t 39
15 is 40 41
15 t 42
15 is 43 44
15 y_1_2 47
16 is 0 3
16 y_1_2 4
16 t 5
16 x_1_2 6
16 is 7 14
16 t 8
16 is 9 16
16 x_1_2 10
16 is 11 18
16 t 12
16 x_1_2 15
16 t 20
16 is 21 29
16 y_1_2 22
16 is 23 31
16 t 24
16 is 25 33
