48
26 y_1_2 45
27 is 0 1
27 x_1_2 2
27 y_1_2 4
27 t 5
27 x_1_2 7
27 is 8 9
27 t 12
27 is 13 14
27 x_1_2 15
27 t 16
27 is 17 18
27 x_1_2 19
27 y_1_2 21
27 t 22
27 is 23 24
27 x_1_2 25
27 t 26
27 y_1_2 27
27 t 28
27 is 29 30
27 y_1_2 32
27 is 33 34
27 x_1_2 37
27 is 38 39
27 y_1_2 41
27 x_1_2 43
27 t 44
27 t 45
27 is 46 47
28 x_1_2 0
28 is 1 4
28 t 2
28 is 6 13
28 t 7
28 is 8 15
28 x_1_2 9
28 is 10 17
28 x_1_2 14
28 x_1_2 18
28 t 19
28 is 20 28
28 t 21
28 is 22 30
28 y_1_2 23
28 is 24 32
28 t 25
28 is 26 34
28 t 27
28 x_1_2 29
28 y_1_2 33
28 t 37
28 is 38 43
28 x_1_2 39
28 is 40 45
28 t 41
28 x_1_2 46
28 x_1_2 47
29 t 0
29 x_1_2 1
29 is 2 3
29 y_1_2 4
29 x_1_2 6
29 y_1_2 8
29 is 9 10
29 y_1_2 13
29 is 14 15
29 y_1_2 17
29 is 18 19
29 is 20 21
29 x_1_2 22
29 t 23
29 is 24 25
29 x_1_2 26
29 x_1_2 28
29 t 29
29 is 30 31
29 y_1_2 32
29 t 33
29 is 34 35
29 x_1_2 38
29 is 39 40
29 is 42 43
29 x_1_2 45
29 t 46
29 t 47
30 t 1
30 y_1_2 2
30 is 3 8
30 t 4
30 is 5 10
30 t 6
30 y_1_2 9
30 is 12 20
30 t 13
30 is 14 22
30 y_1_2 15
30 is 16 24
30 t 17
30 is 18 26
