48
6 is 12 20
6 t 13
6 is 14 22
6 x_1_2 15
6 is 16 24
6 t 17
6 is 18 26
6 y_1_2 19
6 y_1_2 21
6 x_1_2 25
6 t 28
6 is 29 36
6 x_1_2 30
6 is 31 38
6 t 32
6 is 33 40
6 x_1_2 34
6 y_1_2 35
6 y_1_2 39
6 x_1_2 42
6 y_1_2 43
6 is 44 47
6 t 45
7 t 2
7 is 3 4
7 y_1_2 5
7 is 6 7
7 y_1_2 8
7 t 9
7 is 10 11
7 y_1_2 12
7 y_1_2 14
7 is 15 16
7 y_1_2 18
7 t 19
7 y_1_2 20
7 is 21 22
7 y_1_2 24
7 is 25 26
7 x_1_2 29
7 t 30
7 is 31 32
7 y_1_2 33
7 t 34
7 t 35
7 is 36 37
7 x_1_2 38
7 t 39
7 is 40 41
7 t 42
7 is 43 44
7 y_1_2 47
8 is 0 3
8 x_1_2 4
8 t 5
8 x_1_2 6
8 is 7 14
8 t 8
8 is 9 16
8 x_1_2 10
8 is 11 18
8 t 12
8 y_1_2 15
8 t 20
8 is 21 29
8 y_1_2 22
8 is 23 31
8 t 24
8 is 25 33
8 x_1_2 26
8 is 27 35
8 x_1_2 32
8 y_1_2 36
8 is 37 42
8 t 38
8 is 39 44
8 y_1_2 40
8 y_1_2 41
8 y_1_2 43
8 t 47
9 y_1_2 0
9 y_1_2 3
9 is 4 5
9 t 6
9 is 7 8
9 y_1_2 9
9 t 10
9 x_1_2 11
9 is 12 13
9 y_1_2 14
9 t 15
9 is 16 17
9 x_1_2 18
9 y_1_2 21
9 is 22 23
9 y_1_2 25
9 is 26 27
9 is 28 29
9 y_1_2 31
9 is 32 33
