48
30 y_1_2 19
30 x_1_2 21
30 y_1_2 25
30 t 28
30 is 29 36
30 y_1_2 30
30 is 31 38
30 t 32
30 is 33 40
30 x_1_2 34
30 x_1_2 35
30 y_1_2 39
30 y_1_2 42
30 y_1_2 43
30 is 44 47
30 t 45
31 t 2
31 is 3 4
31 y_1_2 5
31 is 6 7
31 x_1_2 8
31 t 9
31 is 10 11
31 x_1_2 12
31 x_1_2 14
31 is 15 16
31 x_1_2 18
31 t 19
31 y_1_2 20
31 is 21 22
31 y_1_2 24
31 is 25 26
31 y_1_2 29
31 t 30
31 is 31 32
31 x_1_2 33
31 t 34
31 t 35
31 is 36 37
31 x_1_2 38
31 t 39
31 is 40 41
31 t 42
31 is 43 44
31 x_1_2 47
32 is 0 3
32 y_1_2 4
32 t 5
32 x_1_2 6
32 is 7 14
32 t 8
32 is 9 16
32 y_1_2 10
32 is 11 18
32 t 12
32 y_1_2 15
32 t 20
32 is 21 29
32 y_1_2 22
32 is 23 31
32 t 24
32 is 25 33
32 y_1_2 26
32 is 27 35
32 x_1_2 32
32 y_1_2 36
32 is 37 42
32 t 38
32 is 39 44
32 x_1_2 40
32 x_1_2 41
32 x_1_2 43
32 t 47
33 x_1_2 0
33 x_1_2 3
33 is 4 5
33 t 6
33 is 7 8
33 x_1_2 9
33 t 10
33 y_1_2 11
33 is 12 13
33 x_1_2 14
33 t 15
33 is 16 17
33 y_1_2 18
33 y_1_2 21
33 is 22 23
33 y_1_2 25
33 is 26 27
33 is 28 29
33 y_1_2 31
33 is 32 33
33 y_1_2 35
33 t 36
33 is 37 38
33 y_1_2 39
33 t 40
33 t 41
33 y_1_2 42
