48
23 is 25 26
23 x_1_2 29
23 t 30
23 is 31 32
23 y_1_2 33
23 t 34
23 t 35
23 is 36 37
23 y_1_2 38
23 t 39
23 is 40 41
23 t 42
23 is 43 44
23 y_1_2 47
24 is 0 3
24 y_1_2 4
24 t 5
24 y_1_2 6
24 is 7 14
24 t 8
24 is 9 16
24 x_1_2 10
24 is 11 18
24 t 12
24 y_1_2 15
24 t 20
24 is 21 29
24 y_1_2 22
24 is 23 31
24 t 24
24 is 25 33
24 y_1_2 26
24 is 27 35
24 y_1_2 32
24 y_1_2 36
24 is 37 42
24 t 38
24 is 39 44
24 y_1_2 40
24 x_1_2 41
24 y_1_2 43
24 t 47
25 x_1_2 0
25 y_1_2 3
25 is 4 5
25 t 6
25 is 7 8
25 x_1_2 9
25 t 10
25 x_1_2 11
25 is 12 13
25 x_1_2 14
25 t 15
25 is 16 17
25 y_1_2 18
25 y_1_2 21
25 is 22 23
25 x_1_2 25
25 is 26 27
25 is 28 29
25 y_1_2 31
25 is 32 33
25 x_1_2 35
25 t 36
25 is 37 38
25 x_1_2 39
25 t 40
25 t 41
25 y_1_2 42
25 t 43
25 is 44 45
26 t 0
26 is 2 7
26 t 3
26 is 4 9
26 x_1_2 5
26 x_1_2 8
26 t 11
26 y_1_2 12
26 is 13 21
26 t 14
26 is 15 23
26 x_1_2 16
26 is 17 25
26 t 18
26 is 19 27
26 x_1_2 22
26 x_1_2 26
26 x_1_2 28
26 x_1_2 29
26 is 30 37
26 t 31
26 is 32 39
26 y_1_2 33
26 is 34 41
26 t 35
26 x_1_2 38
26 t 42
26 is 43 46
26 x_1_2 44
