100
7 t 26
7 x_1_2 29
7 x_1_2 30
7 y_1_2 34
7 x_1_2 38
7 t 39
7 x_1_2 40
7 x_1_2 42
7 x_1_2 46
7 t 50
7 x_1_2 53
7 t 54
7 x_1_2 57
7 t 58
7 x_1_2 59
7 x_1_2 61
7 t 62
7 y_1_2 65
7 t 66
7 y_1_2 69
7 x_1_2 70
7 y_1_2 74
7 y_1_2 78
7 t 79
7 x_1_2 80
7 x_1_2 82
7 x_1_2 86
7 t 90
7 t 94
7 t 98
7 t 99
8 cz 20 30
8 cz 60 70
8 cz 1 11
8 cz 41 51
8 cz 81 91
8 cz 22 32
8 cz 62 72
8 cz 3 13
8 cz 43 53
8 cz 83 93
8 cz 24 34
8 cz 64 74
8 cz 5 15
8 cz 45 55
8 cz 85 95
8 cz 26 36
8 cz 66 76
8 cz 7 17
8 cz 47 57
8 cz 87 97
8 cz 28 38
8 cz 68 78
8 cz 9 19
8 cz 49 59
8 cz 89 99
8 y_1_2 4
8 x_1_2 8
8 y_1_2 12
8 y_1_2 16
8 t 21
8 y_1_2 23
8 t 25
8 x_1_2 27
8 t 29
8 y_1_2 31
8 y_1_2 35
8 t 40
8 t 42
8 y_1_2 44
8 t 46
8 x_1_2 48
8 y_1_2 52
8 x_1_2 56
8 t 61
8 y_1_2 63
8 t 65
8 x_1_2 67
8 t 69
8 y_1_2 71
8 x_1_2 75
8 t 80
8 t 82
8 x_1_2 84
8 t 86
8 y_1_2 88
8 y_1_2 92
8 x_1_2 96
9 cz 0 1
9 cz 4 5
9 cz 8 9
9 cz 12 13
9 cz 16 17
9 cz 20 21
9 cz 24 25
9 cz 28 29
9 cz 32 33
9 cz 36 37
9 cz 40 41
9 cz 44 45
