100
68 cz 63 73
68 cz 4 14
68 cz 44 54
68 cz 84 94
68 cz 25 35
68 cz 65 75
68 cz 6 16
68 cz 46 56
68 cz 86 96
68 cz 27 37
68 cz 67 77
68 cz 8 18
68 cz 48 58
68 cz 88 98
68 cz 29 39
68 cz 69 79
68 y_1_2 1
68 y_1_2 5
68 x_1_2 13
68 x_1_2 17
68 t 20
68 x_1_2 22
68 t 24
68 y_1_2 26
68 t 28
68 y_1_2 34
68 y_1_2 38
68 y_1_2 41
68 t 43
68 x_1_2 45
68 t 47
68 t 49
68 y_1_2 53
68 x_1_2 57
68 t 60
68 x_1_2 62
68 t 64
68 x_1_2 66
68 t 68
68 y_1_2 74
68 y_1_2 78
68 y_1_2 81
68 t 83
68 y_1_2 85
68 t 87
68 t 89
68 x_1_2 93
68 y_1_2 97
69 cz 2 3
69 cz 6 7
69 cz 10 11
69 cz 14 15
69 cz 18 19
69 cz 22 23
69 cz 26 27
69 cz 30 31
69 cz 34 35
69 cz 38 39
69 cz 42 43
69 cz 46 47
69 cz 50 51
69 cz 54 55
69 cz 58 59
69 cz 62 63
69 cz 66 67
69 cz 70 71
69 cz 74 75
69 cz 78 79
69 cz 82 83
69 cz 86 87
69 cz 90 91
69 cz 94 95
69 cz 98 99
69 y_1_2 0
69 t 1
69 y_1_2 4
69 t 5
69 y_1_2 8
69 y_1_2 12
69 t 13
69 x_1_2 16
69 t 17
69 y_1_2 21
69 y_1_2 25
69 x_1_2 29
69 x_1_2 33
69 x_1_2 37
69 x_1_2 40
69 t 41
69 x_1_2 44
69 t 45
69 y_1_2 48
69 x_1_2 52
69 t 53
69 y_1_2 56
69 t 57
69 x_1_2 61
69 x_1_2 65
69 x_1_2 69
69 y_1_2 73
