100
10 t 74
10 x_1_2 76
10 t 78
10 x_1_2 80
10 y_1_2 84
10 x_1_2 88
10 t 91
10 y_1_2 92
10 y_1_2 93
10 t 95
10 y_1_2 96
10 x_1_2 97
10 t 99
11 cz 1 2
11 cz 5 6
11 cz 13 14
11 cz 17 18
11 cz 21 22
11 cz 25 26
11 cz 33 34
11 cz 37 38
11 cz 41 42
11 cz 45 46
11 cz 53 54
11 cz 57 58
11 cz 61 62
11 cz 65 66
11 cz 73 74
11 cz 77 78
11 cz 81 82
11 cz 85 86
11 cz 93 94
11 cz 97 98
11 t 0
11 t 4
11 t 8
11 t 9
11 x_1_2 10
11 x_1_2 12
11 y_1_2 16
11 y_1_2 20
11 y_1_2 24
11 y_1_2 28
11 t 29
11 x_1_2 31
11 t 32
11 y_1_2 35
11 t 36
11 x_1_2 39
11 t 40
11 x_1_2 43
11 t 44
11 x_1_2 47
11 t 48
11 y_1_2 49
11 y_1_2 50
11 y_1_2 52
11 x_1_2 56
11 y_1_2 60
11 y_1_2 64
11 x_1_2 68
11 t 69
11 y_1_2 71
11 t 72
11 x_1_2 75
11 t 76
11 x_1_2 79
11 t 80
11 x_1_2 83
11 t 84
11 y_1_2 87
11 t 88
11 y_1_2 89
11 t 92
11 t 96
12 cz 0 10
12 cz 40 50
12 cz 80 90
12 cz 21 31
12 cz 61 71
12 cz 2 12
12 cz 42 52
12 cz 82 92
12 cz 23 33
12 cz 63 73
12 cz 4 14
12 cz 44 54
12 cz 84 94
12 cz 25 35
12 cz 65 75
12 cz 6 16
12 cz 46 56
12 cz 86 96
12 cz 27 37
12 cz 67 77
12 cz 8 18
12 cz 48 58
12 cz 88 98
12 cz 29 39
12 cz 69 79
