100
74 y_1_2 65
74 y_1_2 69
74 t 70
74 y_1_2 72
74 t 74
74 y_1_2 76
74 t 78
74 x_1_2 80
74 x_1_2 84
74 y_1_2 88
74 t 91
74 x_1_2 92
74 x_1_2 93
74 t 95
74 y_1_2 96
74 y_1_2 97
74 t 99
75 cz 1 2
75 cz 5 6
75 cz 13 14
75 cz 17 18
75 cz 21 22
75 cz 25 26
75 cz 33 34
75 cz 37 38
75 cz 41 42
75 cz 45 46
75 cz 53 54
75 cz 57 58
75 cz 61 62
75 cz 65 66
75 cz 73 74
75 cz 77 78
75 cz 81 82
75 cz 85 86
75 cz 93 94
75 cz 97 98
75 t 0
75 t 4
75 t 8
75 t 9
75 x_1_2 10
75 x_1_2 12
75 y_1_2 16
75 x_1_2 20
75 x_1_2 24
75 x_1_2 28
75 t 29
75 x_1_2 31
75 t 32
75 y_1_2 35
75 t 36
75 y_1_2 39
75 t 40
75 x_1_2 43
75 t 44
75 x_1_2 47
75 t 48
75 x_1_2 49
75 x_1_2 50
75 y_1_2 52
75 x_1_2 56
75 x_1_2 60
75 x_1_2 64
75 y_1_2 68
75 t 69
75 y_1_2 71
75 t 72
75 y_1_2 75
75 t 76
75 y_1_2 79
75 t 80
75 y_1_2 83
75 t 84
75 x_1_2 87
75 t 88
75 y_1_2 89
75 t 92
75 t 96
76 cz 0 10
76 cz 40 50
76 cz 80 90
76 cz 21 31
76 cz 61 71
76 cz 2 12
76 cz 42 52
76 cz 82 92
76 cz 23 33
76 cz 63 73
76 cz 4 14
76 cz 44 54
76 cz 84 94
76 cz 25 35
76 cz 65 75
76 cz 6 16
76 cz 46 56
76 cz 86 96
76 cz 27 37
76 cz 67 77
76 cz 8 18
