100
61 t 41
61 y_1_2 44
61 t 45
61 y_1_2 48
61 x_1_2 52
61 t 53
61 x_1_2 56
61 t 57
61 y_1_2 61
61 x_1_2 65
61 x_1_2 69
61 y_1_2 73
61 x_1_2 77
61 y_1_2 80
61 t 81
61 y_1_2 84
61 t 85
61 x_1_2 88
61 y_1_2 92
61 t 93
61 x_1_2 96
61 t 97
62 cz 30 40
62 cz 70 80
62 cz 11 21
62 cz 51 61
62 cz 32 42
62 cz 72 82
62 cz 13 23
62 cz 53 63
62 cz 34 44
62 cz 74 84
62 cz 15 25
62 cz 55 65
62 cz 36 46
62 cz 76 86
62 cz 17 27
62 cz 57 67
62 cz 38 48
62 cz 78 88
62 cz 19 29
62 cz 59 69
62 t 0
62 x_1_2 2
62 y_1_2 3
62 t 4
62 y_1_2 6
62 y_1_2 7
62 t 8
62 y_1_2 10
62 t 12
62 x_1_2 14
62 t 16
62 x_1_2 18
62 y_1_2 22
62 y_1_2 26
62 x_1_2 31
62 t 33
62 y_1_2 35
62 t 37
62 y_1_2 39
62 x_1_2 43
62 x_1_2 47
62 x_1_2 50
62 t 52
62 y_1_2 54
62 t 56
62 x_1_2 58
62 y_1_2 62
62 x_1_2 66
62 y_1_2 71
62 t 73
62 x_1_2 75
62 t 77
62 y_1_2 79
62 x_1_2 83
62 x_1_2 87
62 y_1_2 90
62 x_1_2 91
62 t 92
62 y_1_2 94
62 y_1_2 95
62 t 96
62 x_1_2 98
62 x_1_2 99
63 cz 3 4
63 cz 7 8
63 cz 11 12
63 cz 15 16
63 cz 23 24
63 cz 27 28
63 cz 31 32
63 cz 35 36
63 cz 43 44
63 cz 47 48
63 cz 51 52
63 cz 55 56
63 cz 63 64
63 cz 67 68
63 cz 71 72
