100
37 cz 18 19
37 cz 22 23
37 cz 26 27
37 cz 30 31
37 cz 34 35
37 cz 38 39
37 cz 42 43
37 cz 46 47
37 cz 50 51
37 cz 54 55
37 cz 58 59
37 cz 62 63
37 cz 66 67
37 cz 70 71
37 cz 74 75
37 cz 78 79
37 cz 82 83
37 cz 86 87
37 cz 90 91
37 cz 94 95
37 cz 98 99
37 x_1_2 0
37 t 1
37 y_1_2 4
37 t 5
37 y_1_2 8
37 x_1_2 12
37 t 13
37 y_1_2 16
37 t 17
37 y_1_2 21
37 x_1_2 25
37 x_1_2 29
37 x_1_2 33
37 x_1_2 37
37 x_1_2 40
37 t 41
37 y_1_2 44
37 t 45
37 y_1_2 48
37 x_1_2 52
37 t 53
37 x_1_2 56
37 t 57
37 x_1_2 61
37 y_1_2 65
37 x_1_2 69
37 x_1_2 73
37 x_1_2 77
37 y_1_2 80
37 t 81
37 y_1_2 84
37 t 85
37 x_1_2 88
37 x_1_2 92
37 t 93
37 x_1_2 96
37 t 97
38 cz 30 40
38 cz 70 80
38 cz 11 21
38 cz 51 61
38 cz 32 42
38 cz 72 82
38 cz 13 23
38 cz 53 63
38 cz 34 44
38 cz 74 84
38 cz 15 25
38 cz 55 65
38 cz 36 46
38 cz 76 86
38 cz 17 27
38 cz 57 67
38 cz 38 48
38 cz 78 88
38 cz 19 29
38 cz 59 69
38 t 0
38 y_1_2 2
38 y_1_2 3
38 t 4
38 x_1_2 6
38 x_1_2 7
38 t 8
38 y_1_2 10
38 t 12
38 x_1_2 14
38 t 16
38 x_1_2 18
38 x_1_2 22
38 y_1_2 26
38 x_1_2 31
38 t 33
38 y_1_2 35
38 t 37
38 x_1_2 39
38 x_1_2 43
38 y_1_2 47
38 y_1_2 50
