100
4 cz 25 35
4 cz 65 75
4 cz 6 16
4 cz 46 56
4 cz 86 96
4 cz 27 37
4 cz 67 77
4 cz 8 18
4 cz 48 58
4 cz 88 98
4 cz 29 39
4 cz 69 79
4 x_1_2 1
4 x_1_2 5
4 x_1_2 13
4 y_1_2 17
4 t 20
4 y_1_2 22
4 t 24
4 y_1_2 26
4 t 28
4 y_1_2 34
4 x_1_2 38
4 y_1_2 41
4 t 43
4 y_1_2 45
4 t 47
4 t 49
4 y_1_2 53
4 x_1_2 57
4 t 60
4 y_1_2 62
4 t 64
4 y_1_2 66
4 t 68
4 x_1_2 74
4 y_1_2 78
4 x_1_2 81
4 t 83
4 y_1_2 85
4 t 87
4 t 89
4 y_1_2 93
4 y_1_2 97
5 cz 2 3
5 cz 6 7
5 cz 10 11
5 cz 14 15
5 cz 18 19
5 cz 22 23
5 cz 26 27
5 cz 30 31
5 cz 34 35
5 cz 38 39
5 cz 42 43
5 cz 46 47
5 cz 50 51
5 cz 54 55
5 cz 58 59
5 cz 62 63
5 cz 66 67
5 cz 70 71
5 cz 74 75
5 cz 78 79
5 cz 82 83
5 cz 86 87
5 cz 90 91
5 cz 94 95
5 cz 98 99
5 y_1_2 0
5 t 1
5 x_1_2 4
5 t 5
5 x_1_2 8
5 y_1_2 12
5 t 13
5 x_1_2 16
5 t 17
5 x_1_2 21
5 x_1_2 25
5 x_1_2 29
5 x_1_2 33
5 y_1_2 37
5 x_1_2 40
5 t 41
5 x_1_2 44
5 t 45
5 x_1_2 48
5 y_1_2 52
5 t 53
5 x_1_2 56
5 t 57
5 x_1_2 61
5 y_1_2 65
5 y_1_2 69
5 y_1_2 73
5 y_1_2 77
5 x_1_2 80
5 t 81
5 x_1_2 84
