100
15 x_1_2 57
15 t 58
15 y_1_2 59
15 y_1_2 61
15 t 62
15 x_1_2 65
15 t 66
15 x_1_2 69
15 y_1_2 70
15 y_1_2 74
15 x_1_2 78
15 t 79
15 y_1_2 80
15 x_1_2 82
15 x_1_2 86
15 t 90
15 t 94
15 t 98
15 t 99
16 cz 20 30
16 cz 60 70
16 cz 1 11
16 cz 41 51
16 cz 81 91
16 cz 22 32
16 cz 62 72
16 cz 3 13
16 cz 43 53
16 cz 83 93
16 cz 24 34
16 cz 64 74
16 cz 5 15
16 cz 45 55
16 cz 85 95
16 cz 26 36
16 cz 66 76
16 cz 7 17
16 cz 47 57
16 cz 87 97
16 cz 28 38
16 cz 68 78
16 cz 9 19
16 cz 49 59
16 cz 89 99
16 x_1_2 4
16 y_1_2 8
16 x_1_2 12
16 y_1_2 16
16 t 21
16 x_1_2 23
16 t 25
16 x_1_2 27
16 t 29
16 y_1_2 31
16 y_1_2 35
16 t 40
16 t 42
16 y_1_2 44
16 t 46
16 x_1_2 48
16 x_1_2 52
16 x_1_2 56
16 t 61
16 y_1_2 63
16 t 65
16 y_1_2 67
16 t 69
16 y_1_2 71
16 y_1_2 75
16 t 80
16 t 82
16 y_1_2 84
16 t 86
16 x_1_2 88
16 x_1_2 92
16 y_1_2 96
17 cz 0 1
17 cz 4 5
17 cz 8 9
17 cz 12 13
17 cz 16 17
17 cz 20 21
17 cz 24 25
17 cz 28 29
17 cz 32 33
17 cz 36 37
17 cz 40 41
17 cz 44 45
17 cz 48 49
17 cz 52 53
17 cz 56 57
17 cz 60 61
17 cz 64 65
17 cz 68 69
17 cz 72 73
17 cz 76 77
17 cz 80 81
17 cz 84 85
17 cz 88 89
17 cz 92 93
