100
42 cz 31 41
42 cz 71 81
42 cz 12 22
42 cz 52 62
42 cz 33 43
42 cz 73 83
42 cz 14 24
42 cz 54 64
42 cz 35 45
42 cz 75 85
42 cz 16 26
42 cz 56 66
42 cz 37 47
42 cz 77 87
42 cz 18 28
42 cz 58 68
42 cz 39 49
42 cz 79 89
42 y_1_2 0
42 x_1_2 1
42 t 3
42 x_1_2 4
42 x_1_2 5
42 t 7
42 y_1_2 8
42 y_1_2 9
42 t 11
42 x_1_2 13
42 t 15
42 x_1_2 17
42 t 19
42 y_1_2 21
42 x_1_2 25
42 y_1_2 29
42 t 30
42 x_1_2 32
42 t 34
42 y_1_2 36
42 t 38
42 x_1_2 40
42 y_1_2 44
42 y_1_2 48
42 t 51
42 y_1_2 53
42 t 55
42 x_1_2 57
42 t 59
42 y_1_2 61
42 x_1_2 65
42 x_1_2 69
42 t 70
42 y_1_2 72
42 t 74
42 x_1_2 76
42 t 78
42 x_1_2 80
42 x_1_2 84
42 y_1_2 88
42 t 91
42 y_1_2 92
42 y_1_2 93
42 t 95
42 x_1_2 96
42 y_1_2 97
42 t 99
43 cz 1 2
43 cz 5 6
43 cz 13 14
43 cz 17 18
43 cz 21 22
43 cz 25 26
43 cz 33 34
43 cz 37 38
43 cz 41 42
43 cz 45 46
43 cz 53 54
43 cz 57 58
43 cz 61 62
43 cz 65 66
43 cz 73 74
43 cz 77 78
43 cz 81 82
43 cz 85 86
43 cz 93 94
43 cz 97 98
43 t 0
43 t 4
43 t 8
43 t 9
43 y_1_2 10
43 x_1_2 12
43 y_1_2 16
43 x_1_2 20
43 x_1_2 24
43 x_1_2 28
43 t 29
43 y_1_2 31
43 t 32
43 y_1_2 35
43 t 36
