100
9 cz 48 49
9 cz 52 53
9 cz 56 57
9 cz 60 61
9 cz 64 65
9 cz 68 69
9 cz 72 73
9 cz 76 77
9 cz 80 81
9 cz 84 85
9 cz 88 89
9 cz 92 93
9 cz 96 97
9 y_1_2 3
9 y_1_2 7
9 y_1_2 11
9 y_1_2 15
9 y_1_2 19
9 y_1_2 22
9 t 23
9 y_1_2 26
9 t 27
9 x_1_2 30
9 t 31
9 y_1_2 34
9 t 35
9 y_1_2 38
9 x_1_2 43
9 y_1_2 47
9 y_1_2 51
9 y_1_2 55
9 x_1_2 59
9 y_1_2 62
9 t 63
9 y_1_2 66
9 t 67
9 y_1_2 70
9 t 71
9 x_1_2 74
9 t 75
9 y_1_2 78
9 y_1_2 83
9 y_1_2 87
9 y_1_2 91
9 x_1_2 95
9 x_1_2 99
10 cz 10 20
10 cz 50 60
10 cz 31 41
10 cz 71 81
10 cz 12 22
10 cz 52 62
10 cz 33 43
10 cz 73 83
10 cz 14 24
10 cz 54 64
10 cz 35 45
10 cz 75 85
10 cz 16 26
10 cz 56 66
10 cz 37 47
10 cz 77 87
10 cz 18 28
10 cz 58 68
10 cz 39 49
10 cz 79 89
10 x_1_2 0
10 y_1_2 1
10 t 3
10 x_1_2 4
10 y_1_2 5
10 t 7
10 y_1_2 8
10 x_1_2 9
10 t 11
10 x_1_2 13
10 t 15
10 x_1_2 17
10 t 19
10 x_1_2 21
10 x_1_2 25
10 x_1_2 29
10 t 30
10 x_1_2 32
10 t 34
10 x_1_2 36
10 t 38
10 x_1_2 40
10 x_1_2 44
10 x_1_2 48
10 t 51
10 y_1_2 53
10 t 55
10 y_1_2 57
10 t 59
10 x_1_2 61
10 y_1_2 65
10 x_1_2 69
10 t 70
10 x_1_2 72
