100
38 t 52
38 x_1_2 54
38 t 56
38 x_1_2 58
38 x_1_2 62
38 y_1_2 66
38 x_1_2 71
38 t 73
38 y_1_2 75
38 t 77
38 x_1_2 79
38 y_1_2 83
38 y_1_2 87
38 y_1_2 90
38 x_1_2 91
38 t 92
38 x_1_2 94
38 y_1_2 95
38 t 96
38 x_1_2 98
38 x_1_2 99
39 cz 3 4
39 cz 7 8
39 cz 11 12
39 cz 15 16
39 cz 23 24
39 cz 27 28
39 cz 31 32
39 cz 35 36
39 cz 43 44
39 cz 47 48
39 cz 51 52
39 cz 55 56
39 cz 63 64
39 cz 67 68
39 cz 71 72
39 cz 75 76
39 cz 83 84
39 cz 87 88
39 cz 91 92
39 cz 95 96
39 t 2
39 t 6
39 t 10
39 x_1_2 13
39 t 14
39 y_1_2 17
39 t 18
39 y_1_2 19
39 x_1_2 21
39 t 22
39 y_1_2 25
39 t 26
39 x_1_2 29
39 y_1_2 30
39 y_1_2 34
39 x_1_2 38
39 t 39
39 x_1_2 40
39 y_1_2 42
39 x_1_2 46
39 t 50
39 y_1_2 53
39 t 54
39 x_1_2 57
39 t 58
39 y_1_2 59
39 y_1_2 61
39 t 62
39 y_1_2 65
39 t 66
39 x_1_2 69
39 y_1_2 70
39 x_1_2 74
39 x_1_2 78
39 t 79
39 x_1_2 80
39 x_1_2 82
39 x_1_2 86
39 t 90
39 t 94
39 t 98
39 t 99
40 cz 20 30
40 cz 60 70
40 cz 1 11
40 cz 41 51
40 cz 81 91
40 cz 22 32
40 cz 62 72
40 cz 3 13
40 cz 43 53
40 cz 83 93
40 cz 24 34
40 cz 64 74
40 cz 5 15
40 cz 45 55
40 cz 85 95
40 cz 26 36
40 cz 66 76
