100
69 x_1_2 77
69 x_1_2 80
69 t 81
69 y_1_2 84
69 t 85
69 x_1_2 88
69 x_1_2 92
69 t 93
69 x_1_2 96
69 t 97
70 cz 30 40
70 cz 70 80
70 cz 11 21
70 cz 51 61
70 cz 32 42
70 cz 72 82
70 cz 13 23
70 cz 53 63
70 cz 34 44
70 cz 74 84
70 cz 15 25
70 cz 55 65
70 cz 36 46
70 cz 76 86
70 cz 17 27
70 cz 57 67
70 cz 38 48
70 cz 78 88
70 cz 19 29
70 cz 59 69
70 t 0
70 x_1_2 2
70 y_1_2 3
70 t 4
70 x_1_2 6
70 x_1_2 7
70 t 8
70 y_1_2 10
70 t 12
70 y_1_2 14
70 t 16
70 x_1_2 18
70 y_1_2 22
70 y_1_2 26
70 x_1_2 31
70 t 33
70 x_1_2 35
70 t 37
70 x_1_2 39
70 y_1_2 43
70 y_1_2 47
70 x_1_2 50
70 t 52
70 x_1_2 54
70 t 56
70 y_1_2 58
70 y_1_2 62
70 x_1_2 66
70 x_1_2 71
70 t 73
70 x_1_2 75
70 t 77
70 x_1_2 79
70 y_1_2 83
70 y_1_2 87
70 y_1_2 90
70 y_1_2 91
70 t 92
70 x_1_2 94
70 y_1_2 95
70 t 96
70 y_1_2 98
70 y_1_2 99
71 cz 3 4
71 cz 7 8
71 cz 11 12
71 cz 15 16
71 cz 23 24
71 cz 27 28
71 cz 31 32
71 cz 35 36
71 cz 43 44
71 cz 47 48
71 cz 51 52
71 cz 55 56
71 cz 63 64
71 cz 67 68
71 cz 71 72
71 cz 75 76
71 cz 83 84
71 cz 87 88
71 cz 91 92
71 cz 95 96
71 t 2
71 t 6
71 t 10
71 x_1_2 13
71 t 14
71 y_1_2 17
71 t 18
