100
32 cz 22 32
32 cz 62 72
32 cz 3 13
32 cz 43 53
32 cz 83 93
32 cz 24 34
32 cz 64 74
32 cz 5 15
32 cz 45 55
32 cz 85 95
32 cz 26 36
32 cz 66 76
32 cz 7 17
32 cz 47 57
32 cz 87 97
32 cz 28 38
32 cz 68 78
32 cz 9 19
32 cz 49 59
32 cz 89 99
32 y_1_2 4
32 y_1_2 8
32 y_1_2 12
32 y_1_2 16
32 t 21
32 x_1_2 23
32 t 25
32 y_1_2 27
32 t 29
32 x_1_2 31
32 x_1_2 35
32 t 40
32 t 42
32 y_1_2 44
32 t 46
32 x_1_2 48
32 x_1_2 52
32 x_1_2 56
32 t 61
32 x_1_2 63
32 t 65
32 y_1_2 67
32 t 69
32 y_1_2 71
32 x_1_2 75
32 t 80
32 t 82
32 y_1_2 84
32 t 86
32 y_1_2 88
32 x_1_2 92
32 y_1_2 96
33 cz 0 1
33 cz 4 5
33 cz 8 9
33 cz 12 13
33 cz 16 17
33 cz 20 21
33 cz 24 25
33 cz 28 29
33 cz 32 33
33 cz 36 37
33 cz 40 41
33 cz 44 45
33 cz 48 49
33 cz 52 53
33 cz 56 57
33 cz 60 61
33 cz 64 65
33 cz 68 69
33 cz 72 73
33 cz 76 77
33 cz 80 81
33 cz 84 85
33 cz 88 89
33 cz 92 93
33 cz 96 97
33 y_1_2 3
33 y_1_2 7
33 y_1_2 11
33 x_1_2 15
33 x_1_2 19
33 x_1_2 22
33 t 23
33 x_1_2 26
33 t 27
33 x_1_2 30
33 t 31
33 y_1_2 34
33 t 35
33 x_1_2 38
33 x_1_2 43
33 y_1_2 47
33 x_1_2 51
33 x_1_2 55
33 y_1_2 59
33 x_1_2 62
33 t 63
33 x_1_2 66
33 t 67
