100
33 y_1_2 70
33 t 71
33 y_1_2 74
33 t 75
33 y_1_2 78
33 y_1_2 83
33 x_1_2 87
33 x_1_2 91
33 x_1_2 95
33 x_1_2 99
34 cz 10 20
34 cz 50 60
34 cz 31 41
34 cz 71 81
34 cz 12 22
34 cz 52 62
34 cz 33 43
34 cz 73 83
34 cz 14 24
34 cz 54 64
34 cz 35 45
34 cz 75 85
34 cz 16 26
34 cz 56 66
34 cz 37 47
34 cz 77 87
34 cz 18 28
34 cz 58 68
34 cz 39 49
34 cz 79 89
34 x_1_2 0
34 x_1_2 1
34 t 3
34 y_1_2 4
34 y_1_2 5
34 t 7
34 x_1_2 8
34 x_1_2 9
34 t 11
34 y_1_2 13
34 t 15
34 x_1_2 17
34 t 19
34 x_1_2 21
34 y_1_2 25
34 x_1_2 29
34 t 30
34 y_1_2 32
34 t 34
34 x_1_2 36
34 t 38
34 y_1_2 40
34 y_1_2 44
34 x_1_2 48
34 t 51
34 y_1_2 53
34 t 55
34 y_1_2 57
34 t 59
34 x_1_2 61
34 x_1_2 65
34 x_1_2 69
34 t 70
34 x_1_2 72
34 t 74
34 y_1_2 76
34 t 78
34 y_1_2 80
34 x_1_2 84
34 x_1_2 88
34 t 91
34 x_1_2 92
34 y_1_2 93
34 t 95
34 y_1_2 96
34 y_1_2 97
34 t 99
35 cz 1 2
35 cz 5 6
35 cz 13 14
35 cz 17 18
35 cz 21 22
35 cz 25 26
35 cz 33 34
35 cz 37 38
35 cz 41 42
35 cz 45 46
35 cz 53 54
35 cz 57 58
35 cz 61 62
35 cz 65 66
35 cz 73 74
35 cz 77 78
35 cz 81 82
35 cz 85 86
35 cz 93 94
35 cz 97 98
35 t 0
35 t 4
35 t 8
