100
2 x_1_2 9
2 x_1_2 13
2 y_1_2 17
2 x_1_2 21
2 x_1_2 25
2 x_1_2 29
2 x_1_2 32
2 x_1_2 36
2 y_1_2 40
2 x_1_2 44
2 x_1_2 48
2 y_1_2 53
2 y_1_2 57
2 y_1_2 61
2 x_1_2 65
2 y_1_2 69
2 x_1_2 72
2 y_1_2 76
2 x_1_2 80
2 x_1_2 84
2 x_1_2 88
2 x_1_2 92
2 y_1_2 93
2 x_1_2 96
2 y_1_2 97
3 cz 1 2
3 cz 5 6
3 cz 13 14
3 cz 17 18
3 cz 21 22
3 cz 25 26
3 cz 33 34
3 cz 37 38
3 cz 41 42
3 cz 45 46
3 cz 53 54
3 cz 57 58
3 cz 61 62
3 cz 65 66
3 cz 73 74
3 cz 77 78
3 cz 81 82
3 cz 85 86
3 cz 93 94
3 cz 97 98
3 t 0
3 t 4
3 t 8
3 t 9
3 y_1_2 10
3 x_1_2 12
3 y_1_2 16
3 x_1_2 20
3 x_1_2 24
3 x_1_2 28
3 t 29
3 y_1_2 31
3 t 32
3 x_1_2 35
3 t 36
3 x_1_2 39
3 t 40
3 y_1_2 43
3 t 44
3 x_1_2 47
3 t 48
3 x_1_2 49
3 y_1_2 50
3 y_1_2 52
3 x_1_2 56
3 y_1_2 60
3 y_1_2 64
3 y_1_2 68
3 t 69
3 y_1_2 71
3 t 72
3 x_1_2 75
3 t 76
3 y_1_2 79
3 t 80
3 x_1_2 83
3 t 84
3 x_1_2 87
3 t 88
3 y_1_2 89
3 t 92
3 t 96
4 cz 0 10
4 cz 40 50
4 cz 80 90
4 cz 21 31
4 cz 61 71
4 cz 2 12
4 cz 42 52
4 cz 82 92
4 cz 23 33
4 cz 63 73
4 cz 4 14
4 cz 44 54
4 cz 84 94
