100
73 cz 32 33
73 cz 36 37
73 cz 40 41
73 cz 44 45
73 cz 48 49
73 cz 52 53
73 cz 56 57
73 cz 60 61
73 cz 64 65
73 cz 68 69
73 cz 72 73
73 cz 76 77
73 cz 80 81
73 cz 84 85
73 cz 88 89
73 cz 92 93
73 cz 96 97
73 x_1_2 3
73 x_1_2 7
73 x_1_2 11
73 y_1_2 15
73 x_1_2 19
73 x_1_2 22
73 t 23
73 y_1_2 26
73 t 27
73 y_1_2 30
73 t 31
73 y_1_2 34
73 t 35
73 x_1_2 38
73 x_1_2 43
73 y_1_2 47
73 x_1_2 51
73 y_1_2 55
73 y_1_2 59
73 y_1_2 62
73 t 63
73 y_1_2 66
73 t 67
73 y_1_2 70
73 t 71
73 y_1_2 74
73 t 75
73 x_1_2 78
73 y_1_2 83
73 y_1_2 87
73 y_1_2 91
73 y_1_2 95
73 x_1_2 99
74 cz 10 20
74 cz 50 60
74 cz 31 41
74 cz 71 81
74 cz 12 22
74 cz 52 62
74 cz 33 43
74 cz 73 83
74 cz 14 24
74 cz 54 64
74 cz 35 45
74 cz 75 85
74 cz 16 26
74 cz 56 66
74 cz 37 47
74 cz 77 87
74 cz 18 28
74 cz 58 68
74 cz 39 49
74 cz 79 89
74 x_1_2 0
74 y_1_2 1
74 t 3
74 y_1_2 4
74 x_1_2 5
74 t 7
74 x_1_2 8
74 y_1_2 9
74 t 11
74 y_1_2 13
74 t 15
74 x_1_2 17
74 t 19
74 x_1_2 21
74 x_1_2 25
74 x_1_2 29
74 t 30
74 y_1_2 32
74 t 34
74 y_1_2 36
74 t 38
74 x_1_2 40
74 x_1_2 44
74 x_1_2 48
74 t 51
74 x_1_2 53
74 t 55
74 x_1_2 57
74 t 59
74 x_1_2 61
