100
51 y_1_2 68
51 t 69
51 x_1_2 71
51 t 72
51 x_1_2 75
51 t 76
51 x_1_2 79
51 t 80
51 x_1_2 83
51 t 84
51 x_1_2 87
51 t 88
51 y_1_2 89
51 t 92
51 t 96
52 cz 0 10
52 cz 40 50
52 cz 80 90
52 cz 21 31
52 cz 61 71
52 cz 2 12
52 cz 42 52
52 cz 82 92
52 cz 23 33
52 cz 63 73
52 cz 4 14
52 cz 44 54
52 cz 84 94
52 cz 25 35
52 cz 65 75
52 cz 6 16
52 cz 46 56
52 cz 86 96
52 cz 27 37
52 cz 67 77
52 cz 8 18
52 cz 48 58
52 cz 88 98
52 cz 29 39
52 cz 69 79
52 y_1_2 1
52 x_1_2 5
52 y_1_2 13
52 x_1_2 17
52 t 20
52 y_1_2 22
52 t 24
52 y_1_2 26
52 t 28
52 y_1_2 34
52 x_1_2 38
52 y_1_2 41
52 t 43
52 y_1_2 45
52 t 47
52 t 49
52 x_1_2 53
52 x_1_2 57
52 t 60
52 y_1_2 62
52 t 64
52 x_1_2 66
52 t 68
52 x_1_2 74
52 x_1_2 78
52 x_1_2 81
52 t 83
52 x_1_2 85
52 t 87
52 t 89
52 x_1_2 93
52 x_1_2 97
53 cz 2 3
53 cz 6 7
53 cz 10 11
53 cz 14 15
53 cz 18 19
53 cz 22 23
53 cz 26 27
53 cz 30 31
53 cz 34 35
53 cz 38 39
53 cz 42 43
53 cz 46 47
53 cz 50 51
53 cz 54 55
53 cz 58 59
53 cz 62 63
53 cz 66 67
53 cz 70 71
53 cz 74 75
53 cz 78 79
53 cz 82 83
53 cz 86 87
53 cz 90 91
53 cz 94 95
53 cz 98 99
53 y_1_2 0
53 t 1
53 y_1_2 4
