100
27 cz 57 58
27 cz 61 62
27 cz 65 66
27 cz 73 74
27 cz 77 78
27 cz 81 82
27 cz 85 86
27 cz 93 94
27 cz 97 98
27 t 0
27 t 4
27 t 8
27 t 9
27 x_1_2 10
27 y_1_2 12
27 x_1_2 16
27 y_1_2 20
27 y_1_2 24
27 x_1_2 28
27 t 29
27 y_1_2 31
27 t 32
27 y_1_2 35
27 t 36
27 y_1_2 39
27 t 40
27 x_1_2 43
27 t 44
27 x_1_2 47
27 t 48
27 x_1_2 49
27 x_1_2 50
27 x_1_2 52
27 x_1_2 56
27 x_1_2 60
27 x_1_2 64
27 x_1_2 68
27 t 69
27 y_1_2 71
27 t 72
27 x_1_2 75
27 t 76
27 x_1_2 79
27 t 80
27 y_1_2 83
27 t 84
27 y_1_2 87
27 t 88
27 x_1_2 89
27 t 92
27 t 96
28 cz 0 10
28 cz 40 50
28 cz 80 90
28 cz 21 31
28 cz 61 71
28 cz 2 12
28 cz 42 52
28 cz 82 92
28 cz 23 33
28 cz 63 73
28 cz 4 14
28 cz 44 54
28 cz 84 94
28 cz 25 35
28 cz 65 75
28 cz 6 16
28 cz 46 56
28 cz 86 96
28 cz 27 37
28 cz 67 77
28 cz 8 18
28 cz 48 58
28 cz 88 98
28 cz 29 39
28 cz 69 79
28 y_1_2 1
28 y_1_2 5
28 y_1_2 13
28 y_1_2 17
28 t 20
28 x_1_2 22
28 t 24
28 x_1_2 26
28 t 28
28 y_1_2 34
28 x_1_2 38
28 x_1_2 41
28 t 43
28 y_1_2 45
28 t 47
28 t 49
28 x_1_2 53
28 x_1_2 57
28 t 60
28 x_1_2 62
28 t 64
28 x_1_2 66
28 t 68
28 y_1_2 74
