100
28 y_1_2 78
28 y_1_2 81
28 t 83
28 x_1_2 85
28 t 87
28 t 89
28 x_1_2 93
28 y_1_2 97
29 cz 2 3
29 cz 6 7
29 cz 10 11
29 cz 14 15
29 cz 18 19
29 cz 22 23
29 cz 26 27
29 cz 30 31
29 cz 34 35
29 cz 38 39
29 cz 42 43
29 cz 46 47
29 cz 50 51
29 cz 54 55
29 cz 58 59
29 cz 62 63
29 cz 66 67
29 cz 70 71
29 cz 74 75
29 cz 78 79
29 cz 82 83
29 cz 86 87
29 cz 90 91
29 cz 94 95
29 cz 98 99
29 y_1_2 0
29 t 1
29 x_1_2 4
29 t 5
29 y_1_2 8
29 x_1_2 12
29 t 13
29 y_1_2 16
29 t 17
29 x_1_2 21
29 x_1_2 25
29 y_1_2 29
29 x_1_2 33
29 y_1_2 37
29 y_1_2 40
29 t 41
29 x_1_2 44
29 t 45
29 x_1_2 48
29 y_1_2 52
29 t 53
29 x_1_2 56
29 t 57
29 y_1_2 61
29 x_1_2 65
29 x_1_2 69
29 y_1_2 73
29 x_1_2 77
29 x_1_2 80
29 t 81
29 x_1_2 84
29 t 85
29 y_1_2 88
29 y_1_2 92
29 t 93
29 y_1_2 96
29 t 97
30 cz 30 40
30 cz 70 80
30 cz 11 21
30 cz 51 61
30 cz 32 42
30 cz 72 82
30 cz 13 23
30 cz 53 63
30 cz 34 44
30 cz 74 84
30 cz 15 25
30 cz 55 65
30 cz 36 46
30 cz 76 86
30 cz 17 27
30 cz 57 67
30 cz 38 48
30 cz 78 88
30 cz 19 29
30 cz 59 69
30 t 0
30 x_1_2 2
30 x_1_2 3
30 t 4
30 y_1_2 6
30 y_1_2 7
30 t 8
30 y_1_2 10
30 t 12
30 y_1_2 14
