100
64 t 86
64 y_1_2 88
64 y_1_2 92
64 y_1_2 96
65 cz 0 1
65 cz 4 5
65 cz 8 9
65 cz 12 13
65 cz 16 17
65 cz 20 21
65 cz 24 25
65 cz 28 29
65 cz 32 33
65 cz 36 37
65 cz 40 41
65 cz 44 45
65 cz 48 49
65 cz 52 53
65 cz 56 57
65 cz 60 61
65 cz 64 65
65 cz 68 69
65 cz 72 73
65 cz 76 77
65 cz 80 81
65 cz 84 85
65 cz 88 89
65 cz 92 93
65 cz 96 97
65 y_1_2 3
65 y_1_2 7
65 x_1_2 11
65 y_1_2 15
65 x_1_2 19
65 y_1_2 22
65 t 23
65 x_1_2 26
65 t 27
65 x_1_2 30
65 t 31
65 x_1_2 34
65 t 35
65 y_1_2 38
65 y_1_2 43
65 y_1_2 47
65 x_1_2 51
65 y_1_2 55
65 y_1_2 59
65 y_1_2 62
65 t 63
65 x_1_2 66
65 t 67
65 x_1_2 70
65 t 71
65 x_1_2 74
65 t 75
65 x_1_2 78
65 x_1_2 83
65 y_1_2 87
65 y_1_2 91
65 x_1_2 95
65 y_1_2 99
66 cz 10 20
66 cz 50 60
66 cz 31 41
66 cz 71 81
66 cz 12 22
66 cz 52 62
66 cz 33 43
66 cz 73 83
66 cz 14 24
66 cz 54 64
66 cz 35 45
66 cz 75 85
66 cz 16 26
66 cz 56 66
66 cz 37 47
66 cz 77 87
66 cz 18 28
66 cz 58 68
66 cz 39 49
66 cz 79 89
66 x_1_2 0
66 x_1_2 1
66 t 3
66 y_1_2 4
66 y_1_2 5
66 t 7
66 y_1_2 8
66 x_1_2 9
66 t 11
66 x_1_2 13
66 t 15
66 x_1_2 17
66 t 19
66 y_1_2 21
66 y_1_2 25
66 y_1_2 29
66 t 30
66 x_1_2 32
