100
40 cz 7 17
40 cz 47 57
40 cz 87 97
40 cz 28 38
40 cz 68 78
40 cz 9 19
40 cz 49 59
40 cz 89 99
40 y_1_2 4
40 x_1_2 8
40 y_1_2 12
40 y_1_2 16
40 t 21
40 x_1_2 23
40 t 25
40 x_1_2 27
40 t 29
40 y_1_2 31
40 x_1_2 35
40 t 40
40 t 42
40 y_1_2 44
40 t 46
40 y_1_2 48
40 x_1_2 52
40 x_1_2 56
40 t 61
40 y_1_2 63
40 t 65
40 y_1_2 67
40 t 69
40 y_1_2 71
40 x_1_2 75
40 t 80
40 t 82
40 y_1_2 84
40 t 86
40 x_1_2 88
40 x_1_2 92
40 x_1_2 96
41 cz 0 1
41 cz 4 5
41 cz 8 9
41 cz 12 13
41 cz 16 17
41 cz 20 21
41 cz 24 25
41 cz 28 29
41 cz 32 33
41 cz 36 37
41 cz 40 41
41 cz 44 45
41 cz 48 49
41 cz 52 53
41 cz 56 57
41 cz 60 61
41 cz 64 65
41 cz 68 69
41 cz 72 73
41 cz 76 77
41 cz 80 81
41 cz 84 85
41 cz 88 89
41 cz 92 93
41 cz 96 97
41 y_1_2 3
41 y_1_2 7
41 x_1_2 11
41 x_1_2 15
41 y_1_2 19
41 y_1_2 22
41 t 23
41 x_1_2 26
41 t 27
41 y_1_2 30
41 t 31
41 x_1_2 34
41 t 35
41 x_1_2 38
41 y_1_2 43
41 x_1_2 47
41 y_1_2 51
41 y_1_2 55
41 x_1_2 59
41 y_1_2 62
41 t 63
41 x_1_2 66
41 t 67
41 x_1_2 70
41 t 71
41 y_1_2 74
41 t 75
41 y_1_2 78
41 y_1_2 83
41 x_1_2 87
41 x_1_2 91
41 y_1_2 95
41 y_1_2 99
42 cz 10 20
42 cz 50 60
