100
78 cz 11 21
78 cz 51 61
78 cz 32 42
78 cz 72 82
78 cz 13 23
78 cz 53 63
78 cz 34 44
78 cz 74 84
78 cz 15 25
78 cz 55 65
78 cz 36 46
78 cz 76 86
78 cz 17 27
78 cz 57 67
78 cz 38 48
78 cz 78 88
78 cz 19 29
78 cz 59 69
78 t 0
78 y_1_2 2
78 y_1_2 3
78 t 4
78 x_1_2 6
78 y_1_2 7
78 t 8
78 x_1_2 10
78 t 12
78 y_1_2 14
78 t 16
78 x_1_2 18
78 x_1_2 22
78 y_1_2 26
78 x_1_2 31
78 t 33
78 x_1_2 35
78 t 37
78 y_1_2 39
78 x_1_2 43
78 y_1_2 47
78 y_1_2 50
78 t 52
78 y_1_2 54
78 t 56
78 x_1_2 58
78 y_1_2 62
78 y_1_2 66
78 y_1_2 71
78 t 73
78 y_1_2 75
78 t 77
78 x_1_2 79
78 x_1_2 83
78 y_1_2 87
78 y_1_2 90
78 x_1_2 91
78 t 92
78 x_1_2 94
78 x_1_2 95
78 t 96
78 y_1_2 98
78 x_1_2 99
79 cz 3 4
79 cz 7 8
79 cz 11 12
79 cz 15 16
79 cz 23 24
79 cz 27 28
79 cz 31 32
79 cz 35 36
79 cz 43 44
79 cz 47 48
79 cz 51 52
79 cz 55 56
79 cz 63 64
79 cz 67 68
79 cz 71 72
79 cz 75 76
79 cz 83 84
79 cz 87 88
79 cz 91 92
79 cz 95 96
79 t 2
79 t 6
79 t 10
79 x_1_2 13
79 t 14
79 y_1_2 17
79 t 18
79 x_1_2 19
79 y_1_2 21
79 t 22
79 x_1_2 25
79 t 26
79 y_1_2 29
79 y_1_2 30
79 x_1_2 34
79 y_1_2 38
79 t 39
79 x_1_2 40
79 x_1_2 42
