100
23 x_1_2 80
23 x_1_2 82
23 y_1_2 86
23 t 90
23 t 94
23 t 98
23 t 99
24 cz 20 30
24 cz 60 70
24 cz 1 11
24 cz 41 51
24 cz 81 91
24 cz 22 32
24 cz 62 72
24 cz 3 13
24 cz 43 53
24 cz 83 93
24 cz 24 34
24 cz 64 74
24 cz 5 15
24 cz 45 55
24 cz 85 95
24 cz 26 36
24 cz 66 76
24 cz 7 17
24 cz 47 57
24 cz 87 97
24 cz 28 38
24 cz 68 78
24 cz 9 19
24 cz 49 59
24 cz 89 99
24 y_1_2 4
24 x_1_2 8
24 x_1_2 12
24 y_1_2 16
24 t 21
24 x_1_2 23
24 t 25
24 x_1_2 27
24 t 29
24 x_1_2 31
24 y_1_2 35
24 t 40
24 t 42
24 x_1_2 44
24 t 46
24 x_1_2 48
24 x_1_2 52
24 y_1_2 56
24 t 61
24 y_1_2 63
24 t 65
24 y_1_2 67
24 t 69
24 y_1_2 71
24 x_1_2 75
24 t 80
24 t 82
24 y_1_2 84
24 t 86
24 y_1_2 88
24 x_1_2 92
24 x_1_2 96
25 cz 0 1
25 cz 4 5
25 cz 8 9
25 cz 12 13
25 cz 16 17
25 cz 20 21
25 cz 24 25
25 cz 28 29
25 cz 32 33
25 cz 36 37
25 cz 40 41
25 cz 44 45
25 cz 48 49
25 cz 52 53
25 cz 56 57
25 cz 60 61
25 cz 64 65
25 cz 68 69
25 cz 72 73
25 cz 76 77
25 cz 80 81
25 cz 84 85
25 cz 88 89
25 cz 92 93
25 cz 96 97
25 y_1_2 3
25 x_1_2 7
25 y_1_2 11
25 y_1_2 15
25 x_1_2 19
25 x_1_2 22
25 t 23
25 x_1_2 26
25 t 27
25 y_1_2 30
25 t 31
