100
59 x_1_2 89
59 t 92
59 t 96
60 cz 0 10
60 cz 40 50
60 cz 80 90
60 cz 21 31
60 cz 61 71
60 cz 2 12
60 cz 42 52
60 cz 82 92
60 cz 23 33
60 cz 63 73
60 cz 4 14
60 cz 44 54
60 cz 84 94
60 cz 25 35
60 cz 65 75
60 cz 6 16
60 cz 46 56
60 cz 86 96
60 cz 27 37
60 cz 67 77
60 cz 8 18
60 cz 48 58
60 cz 88 98
60 cz 29 39
60 cz 69 79
60 x_1_2 1
60 y_1_2 5
60 x_1_2 13
60 x_1_2 17
60 t 20
60 x_1_2 22
60 t 24
60 x_1_2 26
60 t 28
60 x_1_2 34
60 x_1_2 38
60 y_1_2 41
60 t 43
60 y_1_2 45
60 t 47
60 t 49
60 x_1_2 53
60 y_1_2 57
60 t 60
60 y_1_2 62
60 t 64
60 y_1_2 66
60 t 68
60 y_1_2 74
60 y_1_2 78
60 x_1_2 81
60 t 83
60 x_1_2 85
60 t 87
60 t 89
60 y_1_2 93
60 x_1_2 97
61 cz 2 3
61 cz 6 7
61 cz 10 11
61 cz 14 15
61 cz 18 19
61 cz 22 23
61 cz 26 27
61 cz 30 31
61 cz 34 35
61 cz 38 39
61 cz 42 43
61 cz 46 47
61 cz 50 51
61 cz 54 55
61 cz 58 59
61 cz 62 63
61 cz 66 67
61 cz 70 71
61 cz 74 75
61 cz 78 79
61 cz 82 83
61 cz 86 87
61 cz 90 91
61 cz 94 95
61 cz 98 99
61 y_1_2 0
61 t 1
61 y_1_2 4
61 t 5
61 x_1_2 8
61 y_1_2 12
61 t 13
61 y_1_2 16
61 t 17
61 x_1_2 21
61 y_1_2 25
61 y_1_2 29
61 x_1_2 33
61 y_1_2 37
61 y_1_2 40
