100
20 t 43
20 y_1_2 45
20 t 47
20 t 49
20 y_1_2 53
20 y_1_2 57
20 t 60
20 x_1_2 62
20 t 64
20 x_1_2 66
20 t 68
20 y_1_2 74
20 y_1_2 78
20 x_1_2 81
20 t 83
20 x_1_2 85
20 t 87
20 t 89
20 x_1_2 93
20 y_1_2 97
21 cz 2 3
21 cz 6 7
21 cz 10 11
21 cz 14 15
21 cz 18 19
21 cz 22 23
21 cz 26 27
21 cz 30 31
21 cz 34 35
21 cz 38 39
21 cz 42 43
21 cz 46 47
21 cz 50 51
21 cz 54 55
21 cz 58 59
21 cz 62 63
21 cz 66 67
21 cz 70 71
21 cz 74 75
21 cz 78 79
21 cz 82 83
21 cz 86 87
21 cz 90 91
21 cz 94 95
21 cz 98 99
21 y_1_2 0
21 t 1
21 x_1_2 4
21 t 5
21 y_1_2 8
21 y_1_2 12
21 t 13
21 x_1_2 16
21 t 17
21 x_1_2 21
21 y_1_2 25
21 x_1_2 29
21 x_1_2 33
21 y_1_2 37
21 y_1_2 40
21 t 41
21 y_1_2 44
21 t 45
21 x_1_2 48
21 y_1_2 52
21 t 53
21 x_1_2 56
21 t 57
21 x_1_2 61
21 y_1_2 65
21 y_1_2 69
21 x_1_2 73
21 y_1_2 77
21 x_1_2 80
21 t 81
21 y_1_2 84
21 t 85
21 y_1_2 88
21 y_1_2 92
21 t 93
21 x_1_2 96
21 t 97
22 cz 30 40
22 cz 70 80
22 cz 11 21
22 cz 51 61
22 cz 32 42
22 cz 72 82
22 cz 13 23
22 cz 53 63
22 cz 34 44
22 cz 74 84
22 cz 15 25
22 cz 55 65
22 cz 36 46
22 cz 76 86
22 cz 17 27
22 cz 57 67
22 cz 38 48
22 cz 78 88
