100
55 cz 15 16
55 cz 23 24
55 cz 27 28
55 cz 31 32
55 cz 35 36
55 cz 43 44
55 cz 47 48
55 cz 51 52
55 cz 55 56
55 cz 63 64
55 cz 67 68
55 cz 71 72
55 cz 75 76
55 cz 83 84
55 cz 87 88
55 cz 91 92
55 cz 95 96
55 t 2
55 t 6
55 t 10
55 y_1_2 13
55 t 14
55 y_1_2 17
55 t 18
55 y_1_2 19
55 x_1_2 21
55 t 22
55 x_1_2 25
55 t 26
55 y_1_2 29
55 y_1_2 30
55 y_1_2 34
55 x_1_2 38
55 t 39
55 x_1_2 40
55 y_1_2 42
55 y_1_2 46
55 t 50
55 x_1_2 53
55 t 54
55 y_1_2 57
55 t 58
55 x_1_2 59
55 y_1_2 61
55 t 62
55 y_1_2 65
55 t 66
55 y_1_2 69
55 x_1_2 70
55 x_1_2 74
55 y_1_2 78
55 t 79
55 y_1_2 80
55 x_1_2 82
55 x_1_2 86
55 t 90
55 t 94
55 t 98
55 t 99
56 cz 20 30
56 cz 60 70
56 cz 1 11
56 cz 41 51
56 cz 81 91
56 cz 22 32
56 cz 62 72
56 cz 3 13
56 cz 43 53
56 cz 83 93
56 cz 24 34
56 cz 64 74
56 cz 5 15
56 cz 45 55
56 cz 85 95
56 cz 26 36
56 cz 66 76
56 cz 7 17
56 cz 47 57
56 cz 87 97
56 cz 28 38
56 cz 68 78
56 cz 9 19
56 cz 49 59
56 cz 89 99
56 x_1_2 4
56 y_1_2 8
56 x_1_2 12
56 x_1_2 16
56 t 21
56 y_1_2 23
56 t 25
56 y_1_2 27
56 t 29
56 x_1_2 31
56 y_1_2 35
56 t 40
56 t 42
56 x_1_2 44
56 t 46
56 x_1_2 48
