100
5 t 85
5 x_1_2 88
5 y_1_2 92
5 t 93
5 x_1_2 96
5 t 97
6 cz 30 40
6 cz 70 80
6 cz 11 21
6 cz 51 61
6 cz 32 42
6 cz 72 82
6 cz 13 23
6 cz 53 63
6 cz 34 44
6 cz 74 84
6 cz 15 25
6 cz 55 65
6 cz 36 46
6 cz 76 86
6 cz 17 27
6 cz 57 67
6 cz 38 48
6 cz 78 88
6 cz 19 29
6 cz 59 69
6 t 0
6 x_1_2 2
6 x_1_2 3
6 t 4
6 y_1_2 6
6 x_1_2 7
6 t 8
6 x_1_2 10
6 t 12
6 y_1_2 14
6 t 16
6 y_1_2 18
6 x_1_2 22
6 x_1_2 26
6 x_1_2 31
6 t 33
6 x_1_2 35
6 t 37
6 x_1_2 39
6 x_1_2 43
6 y_1_2 47
6 x_1_2 50
6 t 52
6 y_1_2 54
6 t 56
6 y_1_2 58
6 y_1_2 62
6 x_1_2 66
6 y_1_2 71
6 t 73
6 x_1_2 75
6 t 77
6 x_1_2 79
6 x_1_2 83
6 y_1_2 87
6 y_1_2 90
6 x_1_2 91
6 t 92
6 x_1_2 94
6 x_1_2 95
6 t 96
6 x_1_2 98
6 x_1_2 99
7 cz 3 4
7 cz 7 8
7 cz 11 12
7 cz 15 16
7 cz 23 24
7 cz 27 28
7 cz 31 32
7 cz 35 36
7 cz 43 44
7 cz 47 48
7 cz 51 52
7 cz 55 56
7 cz 63 64
7 cz 67 68
7 cz 71 72
7 cz 75 76
7 cz 83 84
7 cz 87 88
7 cz 91 92
7 cz 95 96
7 t 2
7 t 6
7 t 10
7 y_1_2 13
7 t 14
7 x_1_2 17
7 t 18
7 y_1_2 19
7 x_1_2 21
7 t 22
7 y_1_2 25
