100
14 cz 13 23
14 cz 53 63
14 cz 34 44
14 cz 74 84
14 cz 15 25
14 cz 55 65
14 cz 36 46
14 cz 76 86
14 cz 17 27
14 cz 57 67
14 cz 38 48
14 cz 78 88
14 cz 19 29
14 cz 59 69
14 t 0
14 y_1_2 2
14 y_1_2 3
14 t 4
14 y_1_2 6
14 x_1_2 7
14 t 8
14 y_1_2 10
14 t 12
14 y_1_2 14
14 t 16
14 x_1_2 18
14 y_1_2 22
14 y_1_2 26
14 x_1_2 31
14 t 33
14 y_1_2 35
14 t 37
14 x_1_2 39
14 x_1_2 43
14 y_1_2 47
14 y_1_2 50
14 t 52
14 x_1_2 54
14 t 56
14 x_1_2 58
14 y_1_2 62
14 x_1_2 66
14 x_1_2 71
14 t 73
14 x_1_2 75
14 t 77
14 y_1_2 79
14 x_1_2 83
14 y_1_2 87
14 x_1_2 90
14 x_1_2 91
14 t 92
14 x_1_2 94
14 y_1_2 95
14 t 96
14 y_1_2 98
14 x_1_2 99
15 cz 3 4
15 cz 7 8
15 cz 11 12
15 cz 15 16
15 cz 23 24
15 cz 27 28
15 cz 31 32
15 cz 35 36
15 cz 43 44
15 cz 47 48
15 cz 51 52
15 cz 55 56
15 cz 63 64
15 cz 67 68
15 cz 71 72
15 cz 75 76
15 cz 83 84
15 cz 87 88
15 cz 91 92
15 cz 95 96
15 t 2
15 t 6
15 t 10
15 y_1_2 13
15 t 14
15 y_1_2 17
15 t 18
15 y_1_2 19
15 x_1_2 21
15 t 22
15 x_1_2 25
15 t 26
15 x_1_2 29
15 y_1_2 30
15 x_1_2 34
15 x_1_2 38
15 t 39
15 x_1_2 40
15 y_1_2 42
15 y_1_2 46
15 t 50
15 x_1_2 53
15 t 54
