100
46 x_1_2 87
46 y_1_2 90
46 x_1_2 91
46 t 92
46 y_1_2 94
46 y_1_2 95
46 t 96
46 y_1_2 98
46 x_1_2 99
47 cz 3 4
47 cz 7 8
47 cz 11 12
47 cz 15 16
47 cz 23 24
47 cz 27 28
47 cz 31 32
47 cz 35 36
47 cz 43 44
47 cz 47 48
47 cz 51 52
47 cz 55 56
47 cz 63 64
47 cz 67 68
47 cz 71 72
47 cz 75 76
47 cz 83 84
47 cz 87 88
47 cz 91 92
47 cz 95 96
47 t 2
47 t 6
47 t 10
47 y_1_2 13
47 t 14
47 y_1_2 17
47 t 18
47 y_1_2 19
47 x_1_2 21
47 t 22
47 y_1_2 25
47 t 26
47 y_1_2 29
47 x_1_2 30
47 y_1_2 34
47 y_1_2 38
47 t 39
47 x_1_2 40
47 x_1_2 42
47 y_1_2 46
47 t 50
47 x_1_2 53
47 t 54
47 x_1_2 57
47 t 58
47 y_1_2 59
47 x_1_2 61
47 t 62
47 x_1_2 65
47 t 66
47 x_1_2 69
47 x_1_2 70
47 x_1_2 74
47 y_1_2 78
47 t 79
47 y_1_2 80
47 y_1_2 82
47 x_1_2 86
47 t 90
47 t 94
47 t 98
47 t 99
48 cz 20 30
48 cz 60 70
48 cz 1 11
48 cz 41 51
48 cz 81 91
48 cz 22 32
48 cz 62 72
48 cz 3 13
48 cz 43 53
48 cz 83 93
48 cz 24 34
48 cz 64 74
48 cz 5 15
48 cz 45 55
48 cz 85 95
48 cz 26 36
48 cz 66 76
48 cz 7 17
48 cz 47 57
48 cz 87 97
48 cz 28 38
48 cz 68 78
48 cz 9 19
48 cz 49 59
48 cz 89 99
48 y_1_2 4
48 x_1_2 8
48 x_1_2 12
48 x_1_2 16
