100
1 cz 0 1
1 cz 4 5
1 cz 8 9
1 cz 12 13
1 cz 16 17
1 cz 20 21
1 cz 24 25
1 cz 28 29
1 cz 32 33
1 cz 36 37
1 cz 40 41
1 cz 44 45
1 cz 48 49
1 cz 52 53
1 cz 56 57
1 cz 60 61
1 cz 64 65
1 cz 68 69
1 cz 72 73
1 cz 76 77
1 cz 80 81
1 cz 84 85
1 cz 88 89
1 cz 92 93
1 cz 96 97
1 t 2
1 t 3
1 t 6
1 t 7
1 t 10
1 t 11
1 t 14
1 t 15
1 t 18
1 t 19
1 t 22
1 t 23
1 t 26
1 t 27
1 t 30
1 t 31
1 t 34
1 t 35
1 t 38
1 t 39
1 t 42
1 t 43
1 t 46
1 t 47
1 t 50
1 t 51
1 t 54
1 t 55
1 t 58
1 t 59
1 t 62
1 t 63
1 t 66
1 t 67
1 t 70
1 t 71
1 t 74
1 t 75
1 t 78
1 t 79
1 t 82
1 t 83
1 t 86
1 t 87
1 t 90
1 t 91
1 t 94
1 t 95
1 t 98
1 t 99
2 cz 10 20
2 cz 50 60
2 cz 31 41
2 cz 71 81
2 cz 12 22
2 cz 52 62
2 cz 33 43
2 cz 73 83
2 cz 14 24
2 cz 54 64
2 cz 35 45
2 cz 75 85
2 cz 16 26
2 cz 56 66
2 cz 37 47
2 cz 77 87
2 cz 18 28
2 cz 58 68
2 cz 39 49
2 cz 79 89
2 x_1_2 0
2 y_1_2 1
2 x_1_2 4
2 y_1_2 5
2 y_1_2 8
