100
18 t 99
19 cz 1 2
19 cz 5 6
19 cz 13 14
19 cz 17 18
19 cz 21 22
19 cz 25 26
19 cz 33 34
19 cz 37 38
19 cz 41 42
19 cz 45 46
19 cz 53 54
19 cz 57 58
19 cz 61 62
19 cz 65 66
19 cz 73 74
19 cz 77 78
19 cz 81 82
19 cz 85 86
19 cz 93 94
19 cz 97 98
19 t 0
19 t 4
19 t 8
19 t 9
19 x_1_2 10
19 y_1_2 12
19 x_1_2 16
19 x_1_2 20
19 x_1_2 24
19 x_1_2 28
19 t 29
19 x_1_2 31
19 t 32
19 y_1_2 35
19 t 36
19 y_1_2 39
19 t 40
19 x_1_2 43
19 t 44
19 y_1_2 47
19 t 48
19 x_1_2 49
19 x_1_2 50
19 y_1_2 52
19 x_1_2 56
19 y_1_2 60
19 y_1_2 64
19 x_1_2 68
19 t 69
19 y_1_2 71
19 t 72
19 x_1_2 75
19 t 76
19 x_1_2 79
19 t 80
19 y_1_2 83
19 t 84
19 y_1_2 87
19 t 88
19 y_1_2 89
19 t 92
19 t 96
20 cz 0 10
20 cz 40 50
20 cz 80 90
20 cz 21 31
20 cz 61 71
20 cz 2 12
20 cz 42 52
20 cz 82 92
20 cz 23 33
20 cz 63 73
20 cz 4 14
20 cz 44 54
20 cz 84 94
20 cz 25 35
20 cz 65 75
20 cz 6 16
20 cz 46 56
20 cz 86 96
20 cz 27 37
20 cz 67 77
20 cz 8 18
20 cz 48 58
20 cz 88 98
20 cz 29 39
20 cz 69 79
20 x_1_2 1
20 y_1_2 5
20 y_1_2 13
20 y_1_2 17
20 t 20
20 y_1_2 22
20 t 24
20 y_1_2 26
20 t 28
20 y_1_2 34
20 y_1_2 38
20 y_1_2 41
