110
73 y_1_2 85
73 t 86
73 y_1_2 87
73 x_1_2 91
73 y_1_2 95
73 x_1_2 100
73 y_1_2 104
73 y_1_2 108
73 t 109
74 cz 11 22
74 cz 55 66
74 cz 34 45
74 cz 78 89
74 cz 13 24
74 cz 57 68
74 cz 36 47
74 cz 80 91
74 cz 15 26
74 cz 59 70
74 cz 38 49
74 cz 82 93
74 cz 17 28
74 cz 61 72
74 cz 40 51
74 cz 84 95
74 cz 19 30
74 cz 63 74
74 cz 42 53
74 cz 86 97
74 cz 21 32
74 cz 65 76
74 y_1_2 0
74 x_1_2 1
74 t 3
74 y_1_2 4
74 y_1_2 5
74 t 7
74 y_1_2 8
74 x_1_2 9
74 t 12
74 y_1_2 14
74 t 16
74 y_1_2 18
74 t 20
74 y_1_2 23
74 x_1_2 27
74 x_1_2 31
74 t 33
74 x_1_2 35
74 t 37
74 y_1_2 39
74 t 41
74 t 43
74 x_1_2 44
74 y_1_2 48
74 x_1_2 52
74 t 56
74 x_1_2 58
74 t 60
74 y_1_2 62
74 t 64
74 x_1_2 67
74 y_1_2 71
74 x_1_2 75
74 t 77
74 x_1_2 79
74 t 81
74 x_1_2 83
74 t 85
74 t 87
74 y_1_2 88
74 x_1_2 92
74 y_1_2 96
74 t 100
74 y_1_2 101
74 y_1_2 102
74 t 104
74 x_1_2 105
74 y_1_2 106
74 t 108
75 cz 1 2
75 cz 5 6
75 cz 9 10
75 cz 14 15
75 cz 18 19
75 cz 23 24
75 cz 27 28
75 cz 31 32
75 cz 36 37
75 cz 40 41
75 cz 45 46
75 cz 49 50
75 cz 53 54
75 cz 58 59
75 cz 62 63
75 cz 67 68
75 cz 71 72
75 cz 75 76
75 cz 80 81
75 cz 84 85
