110
53 cz 19 20
53 cz 24 25
53 cz 28 29
53 cz 33 34
53 cz 37 38
53 cz 41 42
53 cz 46 47
53 cz 50 51
53 cz 55 56
53 cz 59 60
53 cz 63 64
53 cz 68 69
53 cz 72 73
53 cz 77 78
53 cz 81 82
53 cz 85 86
53 cz 90 91
53 cz 94 95
53 cz 99 100
53 cz 103 104
53 cz 107 108
53 x_1_2 0
53 t 1
53 y_1_2 4
53 t 5
53 x_1_2 8
53 t 9
53 x_1_2 10
53 x_1_2 13
53 t 14
53 y_1_2 17
53 t 18
53 y_1_2 21
53 x_1_2 23
53 y_1_2 27
53 x_1_2 31
53 t 32
53 x_1_2 36
53 x_1_2 40
53 y_1_2 44
53 t 45
53 x_1_2 48
53 t 49
53 y_1_2 52
53 t 53
53 x_1_2 54
53 x_1_2 57
53 t 58
53 x_1_2 61
53 t 62
53 y_1_2 65
53 x_1_2 67
53 y_1_2 71
53 y_1_2 75
53 t 76
53 y_1_2 80
53 x_1_2 84
53 y_1_2 88
53 t 89
53 y_1_2 92
53 t 93
53 y_1_2 96
53 t 97
53 x_1_2 98
53 x_1_2 101
53 t 102
53 y_1_2 105
53 t 106
53 y_1_2 109
54 cz 33 44
54 cz 77 88
54 cz 12 23
54 cz 56 67
54 cz 35 46
54 cz 79 90
54 cz 14 25
54 cz 58 69
54 cz 37 48
54 cz 81 92
54 cz 16 27
54 cz 60 71
54 cz 39 50
54 cz 83 94
54 cz 18 29
54 cz 62 73
54 cz 41 52
54 cz 85 96
54 cz 20 31
54 cz 64 75
54 cz 43 54
54 cz 87 98
54 t 0
54 y_1_2 2
54 x_1_2 3
54 t 4
54 x_1_2 6
54 x_1_2 7
54 t 8
54 t 10
54 y_1_2 11
