110
55 t 103
55 t 107
56 cz 22 33
56 cz 66 77
56 cz 1 12
56 cz 45 56
56 cz 89 100
56 cz 24 35
56 cz 68 79
56 cz 3 14
56 cz 47 58
56 cz 91 102
56 cz 26 37
56 cz 70 81
56 cz 5 16
56 cz 49 60
56 cz 93 104
56 cz 28 39
56 cz 72 83
56 cz 7 18
56 cz 51 62
56 cz 95 106
56 cz 30 41
56 cz 74 85
56 cz 9 20
56 cz 53 64
56 cz 97 108
56 cz 32 43
56 cz 76 87
56 y_1_2 4
56 y_1_2 8
56 y_1_2 13
56 y_1_2 17
56 y_1_2 21
56 t 23
56 y_1_2 25
56 t 27
56 x_1_2 29
56 t 31
56 x_1_2 34
56 x_1_2 38
56 y_1_2 42
56 t 44
56 t 46
56 y_1_2 48
56 t 50
56 y_1_2 52
56 t 54
56 y_1_2 57
56 x_1_2 61
56 x_1_2 65
56 t 67
56 x_1_2 69
56 t 71
56 y_1_2 73
56 t 75
56 y_1_2 78
56 x_1_2 82
56 y_1_2 86
56 t 88
56 t 90
56 y_1_2 92
56 t 94
56 y_1_2 96
56 t 98
56 y_1_2 101
56 x_1_2 105
56 x_1_2 109
57 cz 0 1
57 cz 4 5
57 cz 8 9
57 cz 13 14
57 cz 17 18
57 cz 22 23
57 cz 26 27
57 cz 30 31
57 cz 35 36
57 cz 39 40
57 cz 44 45
57 cz 48 49
57 cz 52 53
57 cz 57 58
57 cz 61 62
57 cz 66 67
57 cz 70 71
57 cz 74 75
57 cz 79 80
57 cz 83 84
57 cz 88 89
57 cz 92 93
57 cz 96 97
57 cz 101 102
57 cz 105 106
57 y_1_2 3
57 x_1_2 7
57 y_1_2 12
57 y_1_2 16
57 y_1_2 20
57 t 21
57 y_1_2 24
