110
27 t 48
27 x_1_2 51
27 t 52
27 y_1_2 55
27 y_1_2 57
27 y_1_2 61
27 x_1_2 65
27 x_1_2 66
27 y_1_2 70
27 y_1_2 74
27 x_1_2 78
27 t 79
27 y_1_2 82
27 t 83
27 y_1_2 86
27 t 88
27 y_1_2 91
27 t 92
27 x_1_2 95
27 t 96
27 t 101
27 t 105
28 cz 0 11
28 cz 44 55
28 cz 88 99
28 cz 23 34
28 cz 67 78
28 cz 2 13
28 cz 46 57
28 cz 90 101
28 cz 25 36
28 cz 69 80
28 cz 4 15
28 cz 48 59
28 cz 92 103
28 cz 27 38
28 cz 71 82
28 cz 6 17
28 cz 50 61
28 cz 94 105
28 cz 29 40
28 cz 73 84
28 cz 8 19
28 cz 52 63
28 cz 96 107
28 cz 31 42
28 cz 75 86
28 cz 10 21
28 cz 54 65
28 cz 98 109
28 x_1_2 1
28 x_1_2 5
28 x_1_2 9
28 y_1_2 14
28 x_1_2 18
28 t 22
28 y_1_2 24
28 t 26
28 y_1_2 28
28 t 30
28 y_1_2 32
28 y_1_2 37
28 y_1_2 41
28 x_1_2 45
28 t 47
28 y_1_2 49
28 t 51
28 x_1_2 53
28 y_1_2 58
28 y_1_2 62
28 t 66
28 y_1_2 68
28 t 70
28 x_1_2 72
28 t 74
28 x_1_2 76
28 y_1_2 81
28 x_1_2 85
28 x_1_2 89
28 t 91
28 y_1_2 93
28 t 95
28 x_1_2 97
28 y_1_2 102
28 x_1_2 106
29 cz 2 3
29 cz 6 7
29 cz 11 12
29 cz 15 16
29 cz 19 20
29 cz 24 25
29 cz 28 29
29 cz 33 34
29 cz 37 38
29 cz 41 42
29 cz 46 47
29 cz 50 51
29 cz 55 56
29 cz 59 60
29 cz 63 64
