110
23 cz 47 48
23 cz 51 52
23 cz 56 57
23 cz 60 61
23 cz 64 65
23 cz 69 70
23 cz 73 74
23 cz 78 79
23 cz 82 83
23 cz 86 87
23 cz 91 92
23 cz 95 96
23 cz 100 101
23 cz 104 105
23 cz 108 109
23 t 2
23 t 6
23 t 11
23 y_1_2 14
23 t 15
23 x_1_2 18
23 t 19
23 x_1_2 23
23 t 24
23 y_1_2 27
23 t 28
23 x_1_2 31
23 y_1_2 33
23 x_1_2 37
23 y_1_2 41
23 x_1_2 44
23 y_1_2 46
23 x_1_2 50
23 x_1_2 54
23 t 55
23 y_1_2 58
23 t 59
23 x_1_2 62
23 t 63
23 y_1_2 67
23 t 68
23 y_1_2 71
23 t 72
23 x_1_2 75
23 x_1_2 77
23 x_1_2 81
23 y_1_2 85
23 x_1_2 88
23 y_1_2 90
23 y_1_2 94
23 x_1_2 98
23 t 99
23 t 103
23 t 107
24 cz 22 33
24 cz 66 77
24 cz 1 12
24 cz 45 56
24 cz 89 100
24 cz 24 35
24 cz 68 79
24 cz 3 14
24 cz 47 58
24 cz 91 102
24 cz 26 37
24 cz 70 81
24 cz 5 16
24 cz 49 60
24 cz 93 104
24 cz 28 39
24 cz 72 83
24 cz 7 18
24 cz 51 62
24 cz 95 106
24 cz 30 41
24 cz 74 85
24 cz 9 20
24 cz 53 64
24 cz 97 108
24 cz 32 43
24 cz 76 87
24 y_1_2 4
24 y_1_2 8
24 y_1_2 13
24 y_1_2 17
24 y_1_2 21
24 t 23
24 x_1_2 25
24 t 27
24 x_1_2 29
24 t 31
24 y_1_2 34
24 x_1_2 38
24 x_1_2 42
24 t 44
24 t 46
24 y_1_2 48
24 t 50
24 x_1_2 52
24 t 54
