110
9 y_1_2 77
9 t 78
9 x_1_2 81
9 t 82
9 y_1_2 85
9 t 86
9 x_1_2 87
9 x_1_2 91
9 x_1_2 95
9 y_1_2 100
9 x_1_2 104
9 x_1_2 108
9 t 109
10 cz 11 22
10 cz 55 66
10 cz 34 45
10 cz 78 89
10 cz 13 24
10 cz 57 68
10 cz 36 47
10 cz 80 91
10 cz 15 26
10 cz 59 70
10 cz 38 49
10 cz 82 93
10 cz 17 28
10 cz 61 72
10 cz 40 51
10 cz 84 95
10 cz 19 30
10 cz 63 74
10 cz 42 53
10 cz 86 97
10 cz 21 32
10 cz 65 76
10 x_1_2 0
10 y_1_2 1
10 t 3
10 y_1_2 4
10 x_1_2 5
10 t 7
10 x_1_2 8
10 x_1_2 9
10 t 12
10 x_1_2 14
10 t 16
10 y_1_2 18
10 t 20
10 y_1_2 23
10 y_1_2 27
10 x_1_2 31
10 t 33
10 x_1_2 35
10 t 37
10 x_1_2 39
10 t 41
10 t 43
10 x_1_2 44
10 x_1_2 48
10 y_1_2 52
10 t 56
10 y_1_2 58
10 t 60
10 y_1_2 62
10 t 64
10 y_1_2 67
10 y_1_2 71
10 y_1_2 75
10 t 77
10 x_1_2 79
10 t 81
10 y_1_2 83
10 t 85
10 t 87
10 y_1_2 88
10 x_1_2 92
10 y_1_2 96
10 t 100
10 x_1_2 101
10 x_1_2 102
10 t 104
10 x_1_2 105
10 y_1_2 106
10 t 108
11 cz 1 2
11 cz 5 6
11 cz 9 10
11 cz 14 15
11 cz 18 19
11 cz 23 24
11 cz 27 28
11 cz 31 32
11 cz 36 37
11 cz 40 41
11 cz 45 46
11 cz 49 50
11 cz 53 54
11 cz 58 59
11 cz 62 63
11 cz 67 68
