110
2 cz 57 68
2 cz 36 47
2 cz 80 91
2 cz 15 26
2 cz 59 70
2 cz 38 49
2 cz 82 93
2 cz 17 28
2 cz 61 72
2 cz 40 51
2 cz 84 95
2 cz 19 30
2 cz 63 74
2 cz 42 53
2 cz 86 97
2 cz 21 32
2 cz 65 76
2 x_1_2 0
2 x_1_2 1
2 x_1_2 4
2 y_1_2 5
2 x_1_2 8
2 y_1_2 9
2 y_1_2 14
2 x_1_2 18
2 y_1_2 23
2 y_1_2 27
2 x_1_2 31
2 x_1_2 35
2 y_1_2 39
2 x_1_2 44
2 y_1_2 48
2 x_1_2 52
2 x_1_2 58
2 x_1_2 62
2 y_1_2 67
2 y_1_2 71
2 y_1_2 75
2 y_1_2 79
2 x_1_2 83
2 y_1_2 88
2 x_1_2 92
2 x_1_2 96
2 y_1_2 101
2 y_1_2 102
2 x_1_2 105
2 x_1_2 106
3 cz 1 2
3 cz 5 6
3 cz 9 10
3 cz 14 15
3 cz 18 19
3 cz 23 24
3 cz 27 28
3 cz 31 32
3 cz 36 37
3 cz 40 41
3 cz 45 46
3 cz 49 50
3 cz 53 54
3 cz 58 59
3 cz 62 63
3 cz 67 68
3 cz 71 72
3 cz 75 76
3 cz 80 81
3 cz 84 85
3 cz 89 90
3 cz 93 94
3 cz 97 98
3 cz 102 103
3 cz 106 107
3 t 0
3 t 4
3 t 8
3 x_1_2 11
3 x_1_2 13
3 x_1_2 17
3 y_1_2 21
3 x_1_2 22
3 y_1_2 26
3 y_1_2 30
3 x_1_2 34
3 t 35
3 x_1_2 38
3 t 39
3 x_1_2 42
3 t 44
3 x_1_2 47
3 t 48
3 x_1_2 51
3 t 52
3 y_1_2 55
3 x_1_2 57
3 y_1_2 61
3 x_1_2 65
3 y_1_2 66
3 y_1_2 70
3 x_1_2 74
3 x_1_2 78
