110
61 x_1_2 98
61 x_1_2 101
61 t 102
61 x_1_2 105
61 t 106
61 x_1_2 109
62 cz 33 44
62 cz 77 88
62 cz 12 23
62 cz 56 67
62 cz 35 46
62 cz 79 90
62 cz 14 25
62 cz 58 69
62 cz 37 48
62 cz 81 92
62 cz 16 27
62 cz 60 71
62 cz 39 50
62 cz 83 94
62 cz 18 29
62 cz 62 73
62 cz 41 52
62 cz 85 96
62 cz 20 31
62 cz 64 75
62 cz 43 54
62 cz 87 98
62 t 0
62 x_1_2 2
62 y_1_2 3
62 t 4
62 x_1_2 6
62 x_1_2 7
62 t 8
62 t 10
62 x_1_2 11
62 t 13
62 y_1_2 15
62 t 17
62 x_1_2 19
62 t 21
62 x_1_2 24
62 x_1_2 28
62 x_1_2 34
62 t 36
62 y_1_2 38
62 t 40
62 x_1_2 42
62 x_1_2 47
62 x_1_2 51
62 x_1_2 55
62 t 57
62 x_1_2 59
62 t 61
62 y_1_2 63
62 t 65
62 y_1_2 68
62 y_1_2 72
62 x_1_2 78
62 t 80
62 y_1_2 82
62 t 84
62 x_1_2 86
62 y_1_2 91
62 y_1_2 95
62 y_1_2 99
62 x_1_2 100
62 t 101
62 x_1_2 103
62 y_1_2 104
62 t 105
62 x_1_2 107
62 y_1_2 108
62 t 109
63 cz 3 4
63 cz 7 8
63 cz 12 13
63 cz 16 17
63 cz 20 21
63 cz 25 26
63 cz 29 30
63 cz 34 35
63 cz 38 39
63 cz 42 43
63 cz 47 48
63 cz 51 52
63 cz 56 57
63 cz 60 61
63 cz 64 65
63 cz 69 70
63 cz 73 74
63 cz 78 79
63 cz 82 83
63 cz 86 87
63 cz 91 92
63 cz 95 96
63 cz 100 101
63 cz 104 105
63 cz 108 109
