110
38 cz 79 90
38 cz 14 25
38 cz 58 69
38 cz 37 48
38 cz 81 92
38 cz 16 27
38 cz 60 71
38 cz 39 50
38 cz 83 94
38 cz 18 29
38 cz 62 73
38 cz 41 52
38 cz 85 96
38 cz 20 31
38 cz 64 75
38 cz 43 54
38 cz 87 98
38 t 0
38 x_1_2 2
38 x_1_2 3
38 t 4
38 y_1_2 6
38 x_1_2 7
38 t 8
38 t 10
38 x_1_2 11
38 t 13
38 y_1_2 15
38 t 17
38 y_1_2 19
38 t 21
38 y_1_2 24
38 y_1_2 28
38 y_1_2 34
38 t 36
38 x_1_2 38
38 t 40
38 y_1_2 42
38 x_1_2 47
38 x_1_2 51
38 x_1_2 55
38 t 57
38 y_1_2 59
38 t 61
38 y_1_2 63
38 t 65
38 y_1_2 68
38 y_1_2 72
38 y_1_2 78
38 t 80
38 y_1_2 82
38 t 84
38 x_1_2 86
38 y_1_2 91
38 y_1_2 95
38 x_1_2 99
38 y_1_2 100
38 t 101
38 x_1_2 103
38 x_1_2 104
38 t 105
38 y_1_2 107
38 y_1_2 108
38 t 109
39 cz 3 4
39 cz 7 8
39 cz 12 13
39 cz 16 17
39 cz 20 21
39 cz 25 26
39 cz 29 30
39 cz 34 35
39 cz 38 39
39 cz 42 43
39 cz 47 48
39 cz 51 52
39 cz 56 57
39 cz 60 61
39 cz 64 65
39 cz 69 70
39 cz 73 74
39 cz 78 79
39 cz 82 83
39 cz 86 87
39 cz 91 92
39 cz 95 96
39 cz 100 101
39 cz 104 105
39 cz 108 109
39 t 2
39 t 6
39 t 11
39 y_1_2 14
39 t 15
39 y_1_2 18
39 t 19
39 x_1_2 23
39 t 24
39 y_1_2 27
39 t 28
