110
67 t 88
67 x_1_2 91
67 t 92
67 x_1_2 95
67 t 96
67 t 101
67 t 105
68 cz 0 11
68 cz 44 55
68 cz 88 99
68 cz 23 34
68 cz 67 78
68 cz 2 13
68 cz 46 57
68 cz 90 101
68 cz 25 36
68 cz 69 80
68 cz 4 15
68 cz 48 59
68 cz 92 103
68 cz 27 38
68 cz 71 82
68 cz 6 17
68 cz 50 61
68 cz 94 105
68 cz 29 40
68 cz 73 84
68 cz 8 19
68 cz 52 63
68 cz 96 107
68 cz 31 42
68 cz 75 86
68 cz 10 21
68 cz 54 65
68 cz 98 109
68 x_1_2 1
68 y_1_2 5
68 x_1_2 9
68 x_1_2 14
68 y_1_2 18
68 t 22
68 y_1_2 24
68 t 26
68 x_1_2 28
68 t 30
68 x_1_2 32
68 x_1_2 37
68 x_1_2 41
68 x_1_2 45
68 t 47
68 y_1_2 49
68 t 51
68 x_1_2 53
68 y_1_2 58
68 x_1_2 62
68 t 66
68 x_1_2 68
68 t 70
68 y_1_2 72
68 t 74
68 x_1_2 76
68 y_1_2 81
68 x_1_2 85
68 y_1_2 89
68 t 91
68 x_1_2 93
68 t 95
68 x_1_2 97
68 y_1_2 102
68 y_1_2 106
69 cz 2 3
69 cz 6 7
69 cz 11 12
69 cz 15 16
69 cz 19 20
69 cz 24 25
69 cz 28 29
69 cz 33 34
69 cz 37 38
69 cz 41 42
69 cz 46 47
69 cz 50 51
69 cz 55 56
69 cz 59 60
69 cz 63 64
69 cz 68 69
69 cz 72 73
69 cz 77 78
69 cz 81 82
69 cz 85 86
69 cz 90 91
69 cz 94 95
69 cz 99 100
69 cz 103 104
69 cz 107 108
69 x_1_2 0
69 t 1
69 x_1_2 4
69 t 5
69 x_1_2 8
