110
12 t 74
12 y_1_2 76
12 y_1_2 81
12 x_1_2 85
12 y_1_2 89
12 t 91
12 x_1_2 93
12 t 95
12 y_1_2 97
12 y_1_2 102
12 y_1_2 106
13 cz 2 3
13 cz 6 7
13 cz 11 12
13 cz 15 16
13 cz 19 20
13 cz 24 25
13 cz 28 29
13 cz 33 34
13 cz 37 38
13 cz 41 42
13 cz 46 47
13 cz 50 51
13 cz 55 56
13 cz 59 60
13 cz 63 64
13 cz 68 69
13 cz 72 73
13 cz 77 78
13 cz 81 82
13 cz 85 86
13 cz 90 91
13 cz 94 95
13 cz 99 100
13 cz 103 104
13 cz 107 108
13 y_1_2 0
13 t 1
13 x_1_2 4
13 t 5
13 y_1_2 8
13 t 9
13 y_1_2 10
13 y_1_2 13
13 t 14
13 y_1_2 17
13 t 18
13 y_1_2 21
13 x_1_2 23
13 y_1_2 27
13 x_1_2 31
13 t 32
13 y_1_2 36
13 y_1_2 40
13 y_1_2 44
13 t 45
13 x_1_2 48
13 t 49
13 x_1_2 52
13 t 53
13 x_1_2 54
13 y_1_2 57
13 t 58
13 y_1_2 61
13 t 62
13 y_1_2 65
13 x_1_2 67
13 x_1_2 71
13 y_1_2 75
13 t 76
13 x_1_2 80
13 x_1_2 84
13 x_1_2 88
13 t 89
13 x_1_2 92
13 t 93
13 y_1_2 96
13 t 97
13 y_1_2 98
13 y_1_2 101
13 t 102
13 x_1_2 105
13 t 106
13 y_1_2 109
14 cz 33 44
14 cz 77 88
14 cz 12 23
14 cz 56 67
14 cz 35 46
14 cz 79 90
14 cz 14 25
14 cz 58 69
14 cz 37 48
14 cz 81 92
14 cz 16 27
14 cz 60 71
14 cz 39 50
14 cz 83 94
14 cz 18 29
14 cz 62 73
