110
41 cz 26 27
41 cz 30 31
41 cz 35 36
41 cz 39 40
41 cz 44 45
41 cz 48 49
41 cz 52 53
41 cz 57 58
41 cz 61 62
41 cz 66 67
41 cz 70 71
41 cz 74 75
41 cz 79 80
41 cz 83 84
41 cz 88 89
41 cz 92 93
41 cz 96 97
41 cz 101 102
41 cz 105 106
41 y_1_2 3
41 y_1_2 7
41 y_1_2 12
41 x_1_2 16
41 x_1_2 20
41 t 21
41 x_1_2 24
41 t 25
41 x_1_2 28
41 t 29
41 y_1_2 32
41 x_1_2 33
41 t 34
41 y_1_2 37
41 t 38
41 y_1_2 41
41 t 42
41 x_1_2 43
41 x_1_2 47
41 y_1_2 51
41 x_1_2 56
41 x_1_2 60
41 x_1_2 64
41 t 65
41 x_1_2 68
41 t 69
41 x_1_2 72
41 t 73
41 x_1_2 76
41 y_1_2 77
41 t 78
41 y_1_2 81
41 t 82
41 x_1_2 85
41 t 86
41 y_1_2 87
41 x_1_2 91
41 x_1_2 95
41 y_1_2 100
41 x_1_2 104
41 x_1_2 108
41 t 109
42 cz 11 22
42 cz 55 66
42 cz 34 45
42 cz 78 89
42 cz 13 24
42 cz 57 68
42 cz 36 47
42 cz 80 91
42 cz 15 26
42 cz 59 70
42 cz 38 49
42 cz 82 93
42 cz 17 28
42 cz 61 72
42 cz 40 51
42 cz 84 95
42 cz 19 30
42 cz 63 74
42 cz 42 53
42 cz 86 97
42 cz 21 32
42 cz 65 76
42 x_1_2 0
42 y_1_2 1
42 t 3
42 y_1_2 4
42 y_1_2 5
42 t 7
42 x_1_2 8
42 x_1_2 9
42 t 12
42 x_1_2 14
42 t 16
42 y_1_2 18
42 t 20
42 y_1_2 23
42 x_1_2 27
42 y_1_2 31
42 t 33
