110
26 cz 61 72
26 cz 40 51
26 cz 84 95
26 cz 19 30
26 cz 63 74
26 cz 42 53
26 cz 86 97
26 cz 21 32
26 cz 65 76
26 y_1_2 0
26 x_1_2 1
26 t 3
26 y_1_2 4
26 x_1_2 5
26 t 7
26 y_1_2 8
26 y_1_2 9
26 t 12
26 y_1_2 14
26 t 16
26 y_1_2 18
26 t 20
26 x_1_2 23
26 x_1_2 27
26 y_1_2 31
26 t 33
26 y_1_2 35
26 t 37
26 x_1_2 39
26 t 41
26 t 43
26 x_1_2 44
26 x_1_2 48
26 x_1_2 52
26 t 56
26 x_1_2 58
26 t 60
26 x_1_2 62
26 t 64
26 x_1_2 67
26 y_1_2 71
26 x_1_2 75
26 t 77
26 y_1_2 79
26 t 81
26 y_1_2 83
26 t 85
26 t 87
26 y_1_2 88
26 y_1_2 92
26 y_1_2 96
26 t 100
26 y_1_2 101
26 y_1_2 102
26 t 104
26 x_1_2 105
26 y_1_2 106
26 t 108
27 cz 1 2
27 cz 5 6
27 cz 9 10
27 cz 14 15
27 cz 18 19
27 cz 23 24
27 cz 27 28
27 cz 31 32
27 cz 36 37
27 cz 40 41
27 cz 45 46
27 cz 49 50
27 cz 53 54
27 cz 58 59
27 cz 62 63
27 cz 67 68
27 cz 71 72
27 cz 75 76
27 cz 80 81
27 cz 84 85
27 cz 89 90
27 cz 93 94
27 cz 97 98
27 cz 102 103
27 cz 106 107
27 t 0
27 t 4
27 t 8
27 y_1_2 11
27 y_1_2 13
27 x_1_2 17
27 x_1_2 21
27 x_1_2 22
27 x_1_2 26
27 y_1_2 30
27 y_1_2 34
27 t 35
27 y_1_2 38
27 t 39
27 x_1_2 42
27 t 44
27 y_1_2 47
