110
3 t 79
3 y_1_2 82
3 t 83
3 y_1_2 86
3 t 88
3 y_1_2 91
3 t 92
3 y_1_2 95
3 t 96
3 t 101
3 t 105
4 cz 0 11
4 cz 44 55
4 cz 88 99
4 cz 23 34
4 cz 67 78
4 cz 2 13
4 cz 46 57
4 cz 90 101
4 cz 25 36
4 cz 69 80
4 cz 4 15
4 cz 48 59
4 cz 92 103
4 cz 27 38
4 cz 71 82
4 cz 6 17
4 cz 50 61
4 cz 94 105
4 cz 29 40
4 cz 73 84
4 cz 8 19
4 cz 52 63
4 cz 96 107
4 cz 31 42
4 cz 75 86
4 cz 10 21
4 cz 54 65
4 cz 98 109
4 x_1_2 1
4 x_1_2 5
4 y_1_2 9
4 y_1_2 14
4 x_1_2 18
4 t 22
4 y_1_2 24
4 t 26
4 y_1_2 28
4 t 30
4 y_1_2 32
4 x_1_2 37
4 x_1_2 41
4 x_1_2 45
4 t 47
4 x_1_2 49
4 t 51
4 x_1_2 53
4 x_1_2 58
4 x_1_2 62
4 t 66
4 y_1_2 68
4 t 70
4 y_1_2 72
4 t 74
4 x_1_2 76
4 x_1_2 81
4 x_1_2 85
4 y_1_2 89
4 t 91
4 y_1_2 93
4 t 95
4 x_1_2 97
4 y_1_2 102
4 x_1_2 106
5 cz 2 3
5 cz 6 7
5 cz 11 12
5 cz 15 16
5 cz 19 20
5 cz 24 25
5 cz 28 29
5 cz 33 34
5 cz 37 38
5 cz 41 42
5 cz 46 47
5 cz 50 51
5 cz 55 56
5 cz 59 60
5 cz 63 64
5 cz 68 69
5 cz 72 73
5 cz 77 78
5 cz 81 82
5 cz 85 86
5 cz 90 91
5 cz 94 95
5 cz 99 100
5 cz 103 104
5 cz 107 108
5 x_1_2 0
