110
20 cz 6 17
20 cz 50 61
20 cz 94 105
20 cz 29 40
20 cz 73 84
20 cz 8 19
20 cz 52 63
20 cz 96 107
20 cz 31 42
20 cz 75 86
20 cz 10 21
20 cz 54 65
20 cz 98 109
20 x_1_2 1
20 y_1_2 5
20 y_1_2 9
20 y_1_2 14
20 x_1_2 18
20 t 22
20 y_1_2 24
20 t 26
20 y_1_2 28
20 t 30
20 y_1_2 32
20 y_1_2 37
20 x_1_2 41
20 x_1_2 45
20 t 47
20 y_1_2 49
20 t 51
20 y_1_2 53
20 x_1_2 58
20 y_1_2 62
20 t 66
20 x_1_2 68
20 t 70
20 y_1_2 72
20 t 74
20 x_1_2 76
20 y_1_2 81
20 x_1_2 85
20 x_1_2 89
20 t 91
20 x_1_2 93
20 t 95
20 x_1_2 97
20 x_1_2 102
20 x_1_2 106
21 cz 2 3
21 cz 6 7
21 cz 11 12
21 cz 15 16
21 cz 19 20
21 cz 24 25
21 cz 28 29
21 cz 33 34
21 cz 37 38
21 cz 41 42
21 cz 46 47
21 cz 50 51
21 cz 55 56
21 cz 59 60
21 cz 63 64
21 cz 68 69
21 cz 72 73
21 cz 77 78
21 cz 81 82
21 cz 85 86
21 cz 90 91
21 cz 94 95
21 cz 99 100
21 cz 103 104
21 cz 107 108
21 x_1_2 0
21 t 1
21 y_1_2 4
21 t 5
21 y_1_2 8
21 t 9
21 y_1_2 10
21 y_1_2 13
21 t 14
21 x_1_2 17
21 t 18
21 x_1_2 21
21 y_1_2 23
21 y_1_2 27
21 y_1_2 31
21 t 32
21 y_1_2 36
21 y_1_2 40
21 y_1_2 44
21 t 45
21 y_1_2 48
21 t 49
21 x_1_2 52
21 t 53
21 x_1_2 54
21 x_1_2 57
21 t 58
