110
46 t 109
47 cz 3 4
47 cz 7 8
47 cz 12 13
47 cz 16 17
47 cz 20 21
47 cz 25 26
47 cz 29 30
47 cz 34 35
47 cz 38 39
47 cz 42 43
47 cz 47 48
47 cz 51 52
47 cz 56 57
47 cz 60 61
47 cz 64 65
47 cz 69 70
47 cz 73 74
47 cz 78 79
47 cz 82 83
47 cz 86 87
47 cz 91 92
47 cz 95 96
47 cz 100 101
47 cz 104 105
47 cz 108 109
47 t 2
47 t 6
47 t 11
47 x_1_2 14
47 t 15
47 x_1_2 18
47 t 19
47 x_1_2 23
47 t 24
47 y_1_2 27
47 t 28
47 x_1_2 31
47 x_1_2 33
47 y_1_2 37
47 y_1_2 41
47 y_1_2 44
47 x_1_2 46
47 y_1_2 50
47 x_1_2 54
47 t 55
47 y_1_2 58
47 t 59
47 y_1_2 62
47 t 63
47 y_1_2 67
47 t 68
47 y_1_2 71
47 t 72
47 y_1_2 75
47 y_1_2 77
47 x_1_2 81
47 y_1_2 85
47 x_1_2 88
47 y_1_2 90
47 x_1_2 94
47 x_1_2 98
47 t 99
47 t 103
47 t 107
48 cz 22 33
48 cz 66 77
48 cz 1 12
48 cz 45 56
48 cz 89 100
48 cz 24 35
48 cz 68 79
48 cz 3 14
48 cz 47 58
48 cz 91 102
48 cz 26 37
48 cz 70 81
48 cz 5 16
48 cz 49 60
48 cz 93 104
48 cz 28 39
48 cz 72 83
48 cz 7 18
48 cz 51 62
48 cz 95 106
48 cz 30 41
48 cz 74 85
48 cz 9 20
48 cz 53 64
48 cz 97 108
48 cz 32 43
48 cz 76 87
48 x_1_2 4
48 y_1_2 8
48 x_1_2 13
48 x_1_2 17
48 x_1_2 21
48 t 23
48 y_1_2 25
48 t 27
