110
6 y_1_2 78
6 t 80
6 x_1_2 82
6 t 84
6 x_1_2 86
6 y_1_2 91
6 x_1_2 95
6 x_1_2 99
6 x_1_2 100
6 t 101
6 x_1_2 103
6 y_1_2 104
6 t 105
6 x_1_2 107
6 x_1_2 108
6 t 109
7 cz 3 4
7 cz 7 8
7 cz 12 13
7 cz 16 17
7 cz 20 21
7 cz 25 26
7 cz 29 30
7 cz 34 35
7 cz 38 39
7 cz 42 43
7 cz 47 48
7 cz 51 52
7 cz 56 57
7 cz 60 61
7 cz 64 65
7 cz 69 70
7 cz 73 74
7 cz 78 79
7 cz 82 83
7 cz 86 87
7 cz 91 92
7 cz 95 96
7 cz 100 101
7 cz 104 105
7 cz 108 109
7 t 2
7 t 6
7 t 11
7 y_1_2 14
7 t 15
7 x_1_2 18
7 t 19
7 y_1_2 23
7 t 24
7 y_1_2 27
7 t 28
7 x_1_2 31
7 x_1_2 33
7 y_1_2 37
7 x_1_2 41
7 x_1_2 44
7 x_1_2 46
7 y_1_2 50
7 x_1_2 54
7 t 55
7 x_1_2 58
7 t 59
7 x_1_2 62
7 t 63
7 y_1_2 67
7 t 68
7 x_1_2 71
7 t 72
7 y_1_2 75
7 x_1_2 77
7 x_1_2 81
7 y_1_2 85
7 y_1_2 88
7 x_1_2 90
7 x_1_2 94
7 x_1_2 98
7 t 99
7 t 103
7 t 107
8 cz 22 33
8 cz 66 77
8 cz 1 12
8 cz 45 56
8 cz 89 100
8 cz 24 35
8 cz 68 79
8 cz 3 14
8 cz 47 58
8 cz 91 102
8 cz 26 37
8 cz 70 81
8 cz 5 16
8 cz 49 60
8 cz 93 104
8 cz 28 39
8 cz 72 83
8 cz 7 18
8 cz 51 62
8 cz 95 106
