110
30 y_1_2 42
30 x_1_2 47
30 x_1_2 51
30 y_1_2 55
30 t 57
30 x_1_2 59
30 t 61
30 x_1_2 63
30 t 65
30 y_1_2 68
30 x_1_2 72
30 x_1_2 78
30 t 80
30 x_1_2 82
30 t 84
30 y_1_2 86
30 x_1_2 91
30 y_1_2 95
30 y_1_2 99
30 x_1_2 100
30 t 101
30 y_1_2 103
30 x_1_2 104
30 t 105
30 y_1_2 107
30 y_1_2 108
30 t 109
31 cz 3 4
31 cz 7 8
31 cz 12 13
31 cz 16 17
31 cz 20 21
31 cz 25 26
31 cz 29 30
31 cz 34 35
31 cz 38 39
31 cz 42 43
31 cz 47 48
31 cz 51 52
31 cz 56 57
31 cz 60 61
31 cz 64 65
31 cz 69 70
31 cz 73 74
31 cz 78 79
31 cz 82 83
31 cz 86 87
31 cz 91 92
31 cz 95 96
31 cz 100 101
31 cz 104 105
31 cz 108 109
31 t 2
31 t 6
31 t 11
31 x_1_2 14
31 t 15
31 y_1_2 18
31 t 19
31 x_1_2 23
31 t 24
31 y_1_2 27
31 t 28
31 x_1_2 31
31 y_1_2 33
31 x_1_2 37
31 y_1_2 41
31 x_1_2 44
31 y_1_2 46
31 y_1_2 50
31 x_1_2 54
31 t 55
31 x_1_2 58
31 t 59
31 y_1_2 62
31 t 63
31 x_1_2 67
31 t 68
31 y_1_2 71
31 t 72
31 y_1_2 75
31 y_1_2 77
31 x_1_2 81
31 y_1_2 85
31 y_1_2 88
31 x_1_2 90
31 x_1_2 94
31 y_1_2 98
31 t 99
31 t 103
31 t 107
32 cz 22 33
32 cz 66 77
32 cz 1 12
32 cz 45 56
32 cz 89 100
32 cz 24 35
32 cz 68 79
32 cz 3 14
32 cz 47 58
