110
64 y_1_2 96
64 t 98
64 x_1_2 101
64 x_1_2 105
64 x_1_2 109
65 cz 0 1
65 cz 4 5
65 cz 8 9
65 cz 13 14
65 cz 17 18
65 cz 22 23
65 cz 26 27
65 cz 30 31
65 cz 35 36
65 cz 39 40
65 cz 44 45
65 cz 48 49
65 cz 52 53
65 cz 57 58
65 cz 61 62
65 cz 66 67
65 cz 70 71
65 cz 74 75
65 cz 79 80
65 cz 83 84
65 cz 88 89
65 cz 92 93
65 cz 96 97
65 cz 101 102
65 cz 105 106
65 x_1_2 3
65 x_1_2 7
65 y_1_2 12
65 y_1_2 16
65 x_1_2 20
65 t 21
65 x_1_2 24
65 t 25
65 x_1_2 28
65 t 29
65 x_1_2 32
65 y_1_2 33
65 t 34
65 x_1_2 37
65 t 38
65 y_1_2 41
65 t 42
65 y_1_2 43
65 y_1_2 47
65 y_1_2 51
65 y_1_2 56
65 x_1_2 60
65 y_1_2 64
65 t 65
65 y_1_2 68
65 t 69
65 x_1_2 72
65 t 73
65 y_1_2 76
65 x_1_2 77
65 t 78
65 y_1_2 81
65 t 82
65 y_1_2 85
65 t 86
65 y_1_2 87
65 y_1_2 91
65 y_1_2 95
65 y_1_2 100
65 x_1_2 104
65 x_1_2 108
65 t 109
66 cz 11 22
66 cz 55 66
66 cz 34 45
66 cz 78 89
66 cz 13 24
66 cz 57 68
66 cz 36 47
66 cz 80 91
66 cz 15 26
66 cz 59 70
66 cz 38 49
66 cz 82 93
66 cz 17 28
66 cz 61 72
66 cz 40 51
66 cz 84 95
66 cz 19 30
66 cz 63 74
66 cz 42 53
66 cz 86 97
66 cz 21 32
66 cz 65 76
66 x_1_2 0
66 x_1_2 1
66 t 3
66 x_1_2 4
66 x_1_2 5
66 t 7
