110
35 cz 23 24
35 cz 27 28
35 cz 31 32
35 cz 36 37
35 cz 40 41
35 cz 45 46
35 cz 49 50
35 cz 53 54
35 cz 58 59
35 cz 62 63
35 cz 67 68
35 cz 71 72
35 cz 75 76
35 cz 80 81
35 cz 84 85
35 cz 89 90
35 cz 93 94
35 cz 97 98
35 cz 102 103
35 cz 106 107
35 t 0
35 t 4
35 t 8
35 x_1_2 11
35 y_1_2 13
35 x_1_2 17
35 x_1_2 21
35 x_1_2 22
35 x_1_2 26
35 y_1_2 30
35 y_1_2 34
35 t 35
35 y_1_2 38
35 t 39
35 x_1_2 42
35 t 44
35 x_1_2 47
35 t 48
35 y_1_2 51
35 t 52
35 y_1_2 55
35 x_1_2 57
35 x_1_2 61
35 y_1_2 65
35 x_1_2 66
35 y_1_2 70
35 y_1_2 74
35 x_1_2 78
35 t 79
35 x_1_2 82
35 t 83
35 y_1_2 86
35 t 88
35 y_1_2 91
35 t 92
35 y_1_2 95
35 t 96
35 t 101
35 t 105
36 cz 0 11
36 cz 44 55
36 cz 88 99
36 cz 23 34
36 cz 67 78
36 cz 2 13
36 cz 46 57
36 cz 90 101
36 cz 25 36
36 cz 69 80
36 cz 4 15
36 cz 48 59
36 cz 92 103
36 cz 27 38
36 cz 71 82
36 cz 6 17
36 cz 50 61
36 cz 94 105
36 cz 29 40
36 cz 73 84
36 cz 8 19
36 cz 52 63
36 cz 96 107
36 cz 31 42
36 cz 75 86
36 cz 10 21
36 cz 54 65
36 cz 98 109
36 x_1_2 1
36 x_1_2 5
36 y_1_2 9
36 x_1_2 14
36 y_1_2 18
36 t 22
36 y_1_2 24
36 t 26
36 x_1_2 28
36 t 30
36 y_1_2 32
36 x_1_2 37
36 x_1_2 41
