110
11 cz 71 72
11 cz 75 76
11 cz 80 81
11 cz 84 85
11 cz 89 90
11 cz 93 94
11 cz 97 98
11 cz 102 103
11 cz 106 107
11 t 0
11 t 4
11 t 8
11 x_1_2 11
11 y_1_2 13
11 y_1_2 17
11 y_1_2 21
11 y_1_2 22
11 x_1_2 26
11 x_1_2 30
11 x_1_2 34
11 t 35
11 x_1_2 38
11 t 39
11 y_1_2 42
11 t 44
11 x_1_2 47
11 t 48
11 x_1_2 51
11 t 52
11 y_1_2 55
11 y_1_2 57
11 x_1_2 61
11 y_1_2 65
11 y_1_2 66
11 y_1_2 70
11 x_1_2 74
11 y_1_2 78
11 t 79
11 x_1_2 82
11 t 83
11 x_1_2 86
11 t 88
11 y_1_2 91
11 t 92
11 y_1_2 95
11 t 96
11 t 101
11 t 105
12 cz 0 11
12 cz 44 55
12 cz 88 99
12 cz 23 34
12 cz 67 78
12 cz 2 13
12 cz 46 57
12 cz 90 101
12 cz 25 36
12 cz 69 80
12 cz 4 15
12 cz 48 59
12 cz 92 103
12 cz 27 38
12 cz 71 82
12 cz 6 17
12 cz 50 61
12 cz 94 105
12 cz 29 40
12 cz 73 84
12 cz 8 19
12 cz 52 63
12 cz 96 107
12 cz 31 42
12 cz 75 86
12 cz 10 21
12 cz 54 65
12 cz 98 109
12 y_1_2 1
12 y_1_2 5
12 y_1_2 9
12 x_1_2 14
12 y_1_2 18
12 t 22
12 y_1_2 24
12 t 26
12 y_1_2 28
12 t 30
12 y_1_2 32
12 x_1_2 37
12 y_1_2 41
12 x_1_2 45
12 t 47
12 y_1_2 49
12 t 51
12 y_1_2 53
12 y_1_2 58
12 y_1_2 62
12 t 66
12 x_1_2 68
12 t 70
12 y_1_2 72
