110
32 cz 91 102
32 cz 26 37
32 cz 70 81
32 cz 5 16
32 cz 49 60
32 cz 93 104
32 cz 28 39
32 cz 72 83
32 cz 7 18
32 cz 51 62
32 cz 95 106
32 cz 30 41
32 cz 74 85
32 cz 9 20
32 cz 53 64
32 cz 97 108
32 cz 32 43
32 cz 76 87
32 y_1_2 4
32 y_1_2 8
32 x_1_2 13
32 x_1_2 17
32 y_1_2 21
32 t 23
32 y_1_2 25
32 t 27
32 y_1_2 29
32 t 31
32 x_1_2 34
32 x_1_2 38
32 x_1_2 42
32 t 44
32 t 46
32 x_1_2 48
32 t 50
32 x_1_2 52
32 t 54
32 y_1_2 57
32 x_1_2 61
32 y_1_2 65
32 t 67
32 x_1_2 69
32 t 71
32 y_1_2 73
32 t 75
32 y_1_2 78
32 x_1_2 82
32 x_1_2 86
32 t 88
32 t 90
32 y_1_2 92
32 t 94
32 y_1_2 96
32 t 98
32 x_1_2 101
32 x_1_2 105
32 x_1_2 109
33 cz 0 1
33 cz 4 5
33 cz 8 9
33 cz 13 14
33 cz 17 18
33 cz 22 23
33 cz 26 27
33 cz 30 31
33 cz 35 36
33 cz 39 40
33 cz 44 45
33 cz 48 49
33 cz 52 53
33 cz 57 58
33 cz 61 62
33 cz 66 67
33 cz 70 71
33 cz 74 75
33 cz 79 80
33 cz 83 84
33 cz 88 89
33 cz 92 93
33 cz 96 97
33 cz 101 102
33 cz 105 106
33 y_1_2 3
33 y_1_2 7
33 y_1_2 12
33 y_1_2 16
33 y_1_2 20
33 t 21
33 y_1_2 24
33 t 25
33 y_1_2 28
33 t 29
33 y_1_2 32
33 x_1_2 33
33 t 34
33 x_1_2 37
33 t 38
33 x_1_2 41
33 t 42
33 x_1_2 43
