110
76 y_1_2 89
76 t 91
76 y_1_2 93
76 t 95
76 y_1_2 97
76 x_1_2 102
76 y_1_2 106
77 cz 2 3
77 cz 6 7
77 cz 11 12
77 cz 15 16
77 cz 19 20
77 cz 24 25
77 cz 28 29
77 cz 33 34
77 cz 37 38
77 cz 41 42
77 cz 46 47
77 cz 50 51
77 cz 55 56
77 cz 59 60
77 cz 63 64
77 cz 68 69
77 cz 72 73
77 cz 77 78
77 cz 81 82
77 cz 85 86
77 cz 90 91
77 cz 94 95
77 cz 99 100
77 cz 103 104
77 cz 107 108
77 x_1_2 0
77 t 1
77 x_1_2 4
77 t 5
77 y_1_2 8
77 t 9
77 x_1_2 10
77 x_1_2 13
77 t 14
77 y_1_2 17
77 t 18
77 y_1_2 21
77 y_1_2 23
77 x_1_2 27
77 y_1_2 31
77 t 32
77 x_1_2 36
77 x_1_2 40
77 y_1_2 44
77 t 45
77 y_1_2 48
77 t 49
77 y_1_2 52
77 t 53
77 y_1_2 54
77 y_1_2 57
77 t 58
77 y_1_2 61
77 t 62
77 x_1_2 65
77 x_1_2 67
77 x_1_2 71
77 x_1_2 75
77 t 76
77 x_1_2 80
77 y_1_2 84
77 x_1_2 88
77 t 89
77 x_1_2 92
77 t 93
77 y_1_2 96
77 t 97
77 y_1_2 98
77 x_1_2 101
77 t 102
77 y_1_2 105
77 t 106
77 y_1_2 109
78 cz 33 44
78 cz 77 88
78 cz 12 23
78 cz 56 67
78 cz 35 46
78 cz 79 90
78 cz 14 25
78 cz 58 69
78 cz 37 48
78 cz 81 92
78 cz 16 27
78 cz 60 71
78 cz 39 50
78 cz 83 94
78 cz 18 29
78 cz 62 73
78 cz 41 52
78 cz 85 96
78 cz 20 31
78 cz 64 75
