48
26 x_1_2 45
27 cz 0 1
27 x_1_2 2
27 x_1_2 4
27 t 5
27 y_1_2 7
27 cz 8 9
27 t 12
27 cz 13 14
27 x_1_2 15
27 t 16
27 cz 17 18
27 y_1_2 19
27 y_1_2 21
27 t 22
27 cz 23 24
27 x_1_2 25
27 t 26
27 x_1_2 27
27 t 28
27 cz 29 30
27 y_1_2 32
27 cz 33 34
27 x_1_2 37
27 cz 38 39
27 x_1_2 41
27 y_1_2 43
27 t 44
27 t 45
27 cz 46 47
28 y_1_2 0
28 cz 1 4
28 t 2
28 cz 6 13
28 t 7
28 cz 8 15
28 y_1_2 9
28 cz 10 17
28 y_1_2 14
28 x_1_2 18
28 t 19
28 cz 20 28
28 t 21
28 cz 22 30
28 y_1_2 23
28 cz 24 32
28 t 25
28 cz 26 34
28 t 27
28 y_1_2 29
28 x_1_2 33
28 t 37
28 cz 38 43
28 x_1_2 39
28 cz 40 45
28 t 41
28 y_1_2 46
28 x_1_2 47
29 t 0
29 x_1_2 1
29 cz 2 3
29 x_1_2 4
29 y_1_2 6
29 x_1_2 8
29 cz 9 10
29 x_1_2 13
29 cz 14 15
29 y_1_2 17
29 cz 18 19
29 cz 20 21
29 y_1_2 22
29 t 23
29 cz 24 25
29 x_1_2 26
29 x_1_2 28
29 t 29
29 cz 30 31
29 y_1_2 32
29 t 33
29 cz 34 35
29 x_1_2 38
29 cz 39 40
29 cz 42 43
29 y_1_2 45
29 t 46
29 t 47
30 t 1
30 x_1_2 2
30 cz 3 8
30 t 4
30 cz 5 10
30 t 6
30 x_1_2 9
30 cz 12 20
30 t 13
30 cz 14 22
30 x_1_2 15
30 cz 16 24
30 t 17
30 cz 18 26
