48
6 cz 12 20
6 t 13
6 cz 14 22
6 x_1_2 15
6 cz 16 24
6 t 17
6 cz 18 26
6 y_1_2 19
6 y_1_2 21
6 x_1_2 25
6 t 28
6 cz 29 36
6 x_1_2 30
6 cz 31 38
6 t 32
6 cz 33 40
6 x_1_2 34
6 y_1_2 35
6 y_1_2 39
6 x_1_2 42
6 y_1_2 43
6 cz 44 47
6 t 45
7 t 2
7 cz 3 4
7 y_1_2 5
7 cz 6 7
7 y_1_2 8
7 t 9
7 cz 10 11
7 y_1_2 12
7 y_1_2 14
7 cz 15 16
7 y_1_2 18
7 t 19
7 y_1_2 20
7 cz 21 22
7 y_1_2 24
7 cz 25 26
7 x_1_2 29
7 t 30
7 cz 31 32
7 y_1_2 33
7 t 34
7 t 35
7 cz 36 37
7 x_1_2 38
7 t 39
7 cz 40 41
7 t 42
7 cz 43 44
7 y_1_2 47
8 cz 0 3
8 x_1_2 4
8 t 5
8 x_1_2 6
8 cz 7 14
8 t 8
8 cz 9 16
8 x_1_2 10
8 cz 11 18
8 t 12
8 y_1_2 15
8 t 20
8 cz 21 29
8 y_1_2 22
8 cz 23 31
8 t 24
8 cz 25 33
8 x_1_2 26
8 cz 27 35
8 x_1_2 32
8 y_1_2 36
8 cz 37 42
8 t 38
8 cz 39 44
8 y_1_2 40
8 y_1_2 41
8 y_1_2 43
8 t 47
9 y_1_2 0
9 y_1_2 3
9 cz 4 5
9 t 6
9 cz 7 8
9 y_1_2 9
9 t 10
9 x_1_2 11
9 cz 12 13
9 y_1_2 14
9 t 15
9 cz 16 17
9 x_1_2 18
9 y_1_2 21
9 cz 22 23
9 y_1_2 25
9 cz 26 27
9 cz 28 29
9 y_1_2 31
9 cz 32 33
