48
2 cz 30 37
2 cz 32 39
2 y_1_2 33
2 cz 34 41
2 y_1_2 38
2 cz 43 46
2 y_1_2 44
2 x_1_2 45
3 cz 0 1
3 x_1_2 2
3 x_1_2 4
3 t 5
3 y_1_2 7
3 cz 8 9
3 t 12
3 cz 13 14
3 y_1_2 15
3 t 16
3 cz 17 18
3 y_1_2 19
3 y_1_2 21
3 t 22
3 cz 23 24
3 x_1_2 25
3 t 26
3 x_1_2 27
3 t 28
3 cz 29 30
3 x_1_2 32
3 cz 33 34
3 x_1_2 37
3 cz 38 39
3 x_1_2 41
3 x_1_2 43
3 t 44
3 t 45
3 cz 46 47
4 x_1_2 0
4 cz 1 4
4 t 2
4 cz 6 13
4 t 7
4 cz 8 15
4 y_1_2 9
4 cz 10 17
4 y_1_2 14
4 y_1_2 18
4 t 19
4 cz 20 28
4 t 21
4 cz 22 30
4 x_1_2 23
4 cz 24 32
4 t 25
4 cz 26 34
4 t 27
4 x_1_2 29
4 x_1_2 33
4 t 37
4 cz 38 43
4 x_1_2 39
4 cz 40 45
4 t 41
4 y_1_2 46
4 y_1_2 47
5 t 0
5 y_1_2 1
5 cz 2 3
5 x_1_2 4
5 y_1_2 6
5 y_1_2 8
5 cz 9 10
5 y_1_2 13
5 cz 14 15
5 y_1_2 17
5 cz 18 19
5 cz 20 21
5 y_1_2 22
5 t 23
5 cz 24 25
5 y_1_2 26
5 x_1_2 28
5 t 29
5 cz 30 31
5 y_1_2 32
5 t 33
5 cz 34 35
5 y_1_2 38
5 cz 39 40
5 cz 42 43
5 x_1_2 45
5 t 46
5 t 47
6 t 1
6 y_1_2 2
6 cz 3 8
6 t 4
6 cz 5 10
6 t 6
6 y_1_2 9
