48
20 cz 1 4
20 t 2
20 cz 6 13
20 t 7
20 cz 8 15
20 x_1_2 9
20 cz 10 17
20 x_1_2 14
20 y_1_2 18
20 t 19
20 cz 20 28
20 t 21
20 cz 22 30
20 y_1_2 23
20 cz 24 32
20 t 25
20 cz 26 34
20 t 27
20 y_1_2 29
20 x_1_2 33
20 t 37
20 cz 38 43
20 y_1_2 39
20 cz 40 45
20 t 41
20 y_1_2 46
20 x_1_2 47
21 t 0
21 y_1_2 1
21 cz 2 3
21 y_1_2 4
21 x_1_2 6
21 y_1_2 8
21 cz 9 10
21 x_1_2 13
21 cz 14 15
21 x_1_2 17
21 cz 18 19
21 cz 20 21
21 y_1_2 22
21 t 23
21 cz 24 25
21 x_1_2 26
21 y_1_2 28
21 t 29
21 cz 30 31
21 y_1_2 32
21 t 33
21 cz 34 35
21 x_1_2 38
21 cz 39 40
21 cz 42 43
21 x_1_2 45
21 t 46
21 t 47
22 t 1
22 y_1_2 2
22 cz 3 8
22 t 4
22 cz 5 10
22 t 6
22 y_1_2 9
22 cz 12 20
22 t 13
22 cz 14 22
22 x_1_2 15
22 cz 16 24
22 t 17
22 cz 18 26
22 y_1_2 19
22 x_1_2 21
22 y_1_2 25
22 t 28
22 cz 29 36
22 x_1_2 30
22 cz 31 38
22 t 32
22 cz 33 40
22 x_1_2 34
22 x_1_2 35
22 x_1_2 39
22 y_1_2 42
22 y_1_2 43
22 cz 44 47
22 t 45
23 t 2
23 cz 3 4
23 x_1_2 5
23 cz 6 7
23 y_1_2 8
23 t 9
23 cz 10 11
23 y_1_2 12
23 x_1_2 14
23 cz 15 16
23 y_1_2 18
23 t 19
23 x_1_2 20
23 cz 21 22
23 x_1_2 24
