48
37 cz 20 21
37 x_1_2 22
37 t 23
37 cz 24 25
37 x_1_2 26
37 y_1_2 28
37 t 29
37 cz 30 31
37 y_1_2 32
37 t 33
37 cz 34 35
37 x_1_2 38
37 cz 39 40
37 cz 42 43
37 x_1_2 45
37 t 46
37 t 47
38 t 1
38 y_1_2 2
38 cz 3 8
38 t 4
38 cz 5 10
38 t 6
38 y_1_2 9
38 cz 12 20
38 t 13
38 cz 14 22
38 y_1_2 15
38 cz 16 24
38 t 17
38 cz 18 26
38 x_1_2 19
38 y_1_2 21
38 x_1_2 25
38 t 28
38 cz 29 36
38 x_1_2 30
38 cz 31 38
38 t 32
38 cz 33 40
38 x_1_2 34
38 y_1_2 35
38 x_1_2 39
38 x_1_2 42
38 x_1_2 43
38 cz 44 47
38 t 45
39 t 2
39 cz 3 4
39 y_1_2 5
39 cz 6 7
39 y_1_2 8
39 t 9
39 cz 10 11
39 y_1_2 12
39 x_1_2 14
39 cz 15 16
39 y_1_2 18
39 t 19
39 y_1_2 20
39 cz 21 22
39 y_1_2 24
39 cz 25 26
39 y_1_2 29
39 t 30
39 cz 31 32
39 y_1_2 33
39 t 34
39 t 35
39 cz 36 37
39 x_1_2 38
39 t 39
39 cz 40 41
39 t 42
39 cz 43 44
39 x_1_2 47
40 cz 0 3
40 x_1_2 4
40 t 5
40 x_1_2 6
40 cz 7 14
40 t 8
40 cz 9 16
40 x_1_2 10
40 cz 11 18
40 t 12
40 y_1_2 15
40 t 20
40 cz 21 29
40 x_1_2 22
40 cz 23 31
40 t 24
40 cz 25 33
40 y_1_2 26
40 cz 27 35
40 x_1_2 32
40 x_1_2 36
40 cz 37 42
40 t 38
40 cz 39 44
