48
23 cz 25 26
23 y_1_2 29
23 t 30
23 cz 31 32
23 x_1_2 33
23 t 34
23 t 35
23 cz 36 37
23 x_1_2 38
23 t 39
23 cz 40 41
23 t 42
23 cz 43 44
23 x_1_2 47
24 cz 0 3
24 y_1_2 4
24 t 5
24 y_1_2 6
24 cz 7 14
24 t 8
24 cz 9 16
24 x_1_2 10
24 cz 11 18
24 t 12
24 y_1_2 15
24 t 20
24 cz 21 29
24 y_1_2 22
24 cz 23 31
24 t 24
24 cz 25 33
24 x_1_2 26
24 cz 27 35
24 x_1_2 32
24 y_1_2 36
24 cz 37 42
24 t 38
24 cz 39 44
24 y_1_2 40
24 x_1_2 41
24 y_1_2 43
24 t 47
25 x_1_2 0
25 x_1_2 3
25 cz 4 5
25 t 6
25 cz 7 8
25 y_1_2 9
25 t 10
25 x_1_2 11
25 cz 12 13
25 y_1_2 14
25 t 15
25 cz 16 17
25 y_1_2 18
25 y_1_2 21
25 cz 22 23
25 y_1_2 25
25 cz 26 27
25 cz 28 29
25 y_1_2 31
25 cz 32 33
25 x_1_2 35
25 t 36
25 cz 37 38
25 x_1_2 39
25 t 40
25 t 41
25 x_1_2 42
25 t 43
25 cz 44 45
26 t 0
26 cz 2 7
26 t 3
26 cz 4 9
26 y_1_2 5
26 y_1_2 8
26 t 11
26 y_1_2 12
26 cz 13 21
26 t 14
26 cz 15 23
26 x_1_2 16
26 cz 17 25
26 t 18
26 cz 19 27
26 y_1_2 22
26 x_1_2 26
26 y_1_2 28
26 y_1_2 29
26 cz 30 37
26 t 31
26 cz 32 39
26 y_1_2 33
26 cz 34 41
26 t 35
26 y_1_2 38
26 t 42
26 cz 43 46
26 y_1_2 44
